DateTime,Date/Time,Year,Month,Day,Time,Temp (°C),Temp Flag,Dew Point Temp (°C),Dew Point Temp Flag,Rel Hum (%),Rel Hum Flag,Wind Dir (10s deg),Wind Dir Flag,Wind Spd (km/h),Wind Spd Flag,Visibility (km),Visibility Flag,Stn Press (kPa),Stn Press Flag,Hmdx,Hmdx Flag,Wind Chill,Wind Chill Flag,Weather
2005-11-01 00:00:00,2005-11-01 00:00,2005,11,1,00:00,11.9,,11.0,,94.0,,,M,,M,,,100.08,,,,,,
2005-11-01 01:00:00,2005-11-01 01:00,2005,11,1,01:00,11.5,,10.9,,96.0,,,M,,M,,,99.98,,,,,,
2005-11-01 02:00:00,2005-11-01 02:00,2005,11,1,02:00,11.3,,11.0,,98.0,,,M,,M,,,99.85,,,,,,
2005-11-01 03:00:00,2005-11-01 03:00,2005,11,1,03:00,11.1,,10.8,,98.0,,,M,,M,,,99.73,,,,,,
2005-11-01 04:00:00,2005-11-01 04:00,2005,11,1,04:00,10.7,,10.5,,99.0,,,M,,M,,,99.6,,,,,,
2005-11-01 05:00:00,2005-11-01 05:00,2005,11,1,05:00,11.7,,10.7,,94.0,,,M,,M,,,99.51,,,,,,
2005-11-01 06:00:00,2005-11-01 06:00,2005,11,1,06:00,11.8,,10.0,,89.0,,,M,,M,,,99.46,,,,,,
2005-11-01 07:00:00,2005-11-01 07:00,2005,11,1,07:00,12.0,,9.4,,84.0,,,M,,M,,,99.47,,,,,,
2005-11-01 08:00:00,2005-11-01 08:00,2005,11,1,08:00,12.3,,9.2,,81.0,,,M,,M,,,99.51,,,,,,
2005-11-01 09:00:00,2005-11-01 09:00,2005,11,1,09:00,11.0,,8.8,,86.0,,,M,,M,,,99.56,,,,,,
2005-11-01 10:00:00,2005-11-01 10:00,2005,11,1,10:00,11.1,,8.6,,85.0,,,M,,M,,,99.59,,,,,,
2005-11-01 11:00:00,2005-11-01 11:00,2005,11,1,11:00,11.3,,8.5,,83.0,,,M,,M,,,99.66,,,,,,
2005-11-01 12:00:00,2005-11-01 12:00,2005,11,1,12:00,11.5,,8.2,,80.0,,,M,,M,,,99.65,,,,,,
2005-11-01 13:00:00,2005-11-01 13:00,2005,11,1,13:00,12.3,,8.3,,77.0,,,M,,M,,,99.63,,,,,,
2005-11-01 14:00:00,2005-11-01 14:00,2005,11,1,14:00,12.6,,7.6,,72.0,,,M,,M,,,99.61,,,,,,
2005-11-01 15:00:00,2005-11-01 15:00,2005,11,1,15:00,12.8,,6.3,,65.0,,,M,,M,,,99.63,,,,,,
2005-11-01 16:00:00,2005-11-01 16:00,2005,11,1,16:00,12.6,,4.6,,58.0,,,M,,M,,,99.64,,,,,,
2005-11-01 17:00:00,2005-11-01 17:00,2005,11,1,17:00,11.6,,4.6,,62.0,,,M,,M,,,99.66,,,,,,
2005-11-01 18:00:00,2005-11-01 18:00,2005,11,1,18:00,10.8,,5.0,,67.0,,,M,,M,,,99.76,,,,,,
2005-11-01 19:00:00,2005-11-01 19:00,2005,11,1,19:00,9.6,,5.3,,75.0,,,M,,M,,,99.83,,,,,,
2005-11-01 20:00:00,2005-11-01 20:00,2005,11,1,20:00,8.8,,4.9,,76.0,,,M,,M,,,99.85,,,,,,
2005-11-01 21:00:00,2005-11-01 21:00,2005,11,1,21:00,8.5,,4.6,,76.0,,,M,,M,,,99.91,,,,,,
2005-11-01 22:00:00,2005-11-01 22:00,2005,11,1,22:00,8.0,,4.1,,76.0,,,M,,M,,,99.95,,,,,,
2005-11-01 23:00:00,2005-11-01 23:00,2005,11,1,23:00,7.2,,3.6,,78.0,,,M,,M,,,99.96,,,,,,
2005-11-02 00:00:00,2005-11-02 00:00,2005,11,2,00:00,6.7,,3.6,,81.0,,,M,,M,,,99.99,,,,,,
2005-11-02 01:00:00,2005-11-02 01:00,2005,11,2,01:00,5.8,,3.3,,84.0,,,M,,M,,,100.04,,,,,,
2005-11-02 02:00:00,2005-11-02 02:00,2005,11,2,02:00,5.4,,3.3,,86.0,,,M,,M,,,100.06,,,,,,
2005-11-02 03:00:00,2005-11-02 03:00,2005,11,2,03:00,5.8,,3.6,,86.0,,,M,,M,,,100.08,,,,,,
2005-11-02 04:00:00,2005-11-02 04:00,2005,11,2,04:00,5.1,,3.2,,88.0,,,M,,M,,,100.14,,,,,,
2005-11-02 05:00:00,2005-11-02 05:00,2005,11,2,05:00,4.4,,2.9,,90.0,,,M,,M,,,100.19,,,,,,
2005-11-02 06:00:00,2005-11-02 06:00,2005,11,2,06:00,4.4,,2.9,,90.0,,,M,,M,,,100.27,,,,,,
2005-11-02 07:00:00,2005-11-02 07:00,2005,11,2,07:00,4.3,,2.7,,89.0,,,M,,M,,,100.31,,,,,,
2005-11-02 08:00:00,2005-11-02 08:00,2005,11,2,08:00,5.7,,2.9,,82.0,,,M,,M,,,100.43,,,,,,
2005-11-02 09:00:00,2005-11-02 09:00,2005,11,2,09:00,7.1,,2.7,,74.0,,,M,,M,,,100.49,,,,,,
2005-11-02 10:00:00,2005-11-02 10:00,2005,11,2,10:00,8.7,,2.9,,67.0,,,M,,M,,,100.55,,,,,,
2005-11-02 11:00:00,2005-11-02 11:00,2005,11,2,11:00,10.7,,2.7,,58.0,,,M,,M,,,100.62,,,,,,
2005-11-02 12:00:00,2005-11-02 12:00,2005,11,2,12:00,11.1,,2.5,,55.0,,,M,,M,,,100.58,,,,,,
2005-11-02 13:00:00,2005-11-02 13:00,2005,11,2,13:00,12.4,,2.2,,50.0,,,M,,M,,,100.53,,,,,,
2005-11-02 14:00:00,2005-11-02 14:00,2005,11,2,14:00,10.9,,4.8,,66.0,,,M,,M,,,100.49,,,,,,
2005-11-02 15:00:00,2005-11-02 15:00,2005,11,2,15:00,10.6,,5.8,,72.0,,,M,,M,,,100.5,,,,,,
2005-11-02 16:00:00,2005-11-02 16:00,2005,11,2,16:00,11.5,,3.9,,60.0,,,M,,M,,,100.46,,,,,,
2005-11-02 17:00:00,2005-11-02 17:00,2005,11,2,17:00,11.2,,2.8,,56.0,,,M,,M,,,100.47,,,,,,
2005-11-02 18:00:00,2005-11-02 18:00,2005,11,2,18:00,10.5,,3.3,,61.0,,,M,,M,,,100.49,,,,,,
2005-11-02 19:00:00,2005-11-02 19:00,2005,11,2,19:00,9.6,,6.0,,78.0,,,M,,M,,,100.47,,,,,,
2005-11-02 20:00:00,2005-11-02 20:00,2005,11,2,20:00,9.9,,5.3,,73.0,,,M,,M,,,100.48,,,,,,
2005-11-02 21:00:00,2005-11-02 21:00,2005,11,2,21:00,9.5,,5.2,,75.0,,,M,,M,,,100.42,,,,,,
2005-11-02 22:00:00,2005-11-02 22:00,2005,11,2,22:00,9.6,,6.1,,79.0,,,M,,M,,,100.32,,,,,,
2005-11-02 23:00:00,2005-11-02 23:00,2005,11,2,23:00,10.0,,7.8,,86.0,,,M,,M,,,100.18,,,,,,
2005-11-03 00:00:00,2005-11-03 00:00,2005,11,3,00:00,10.3,,8.2,,87.0,,,M,,M,,,100.11,,,,,,
2005-11-03 01:00:00,2005-11-03 01:00,2005,11,3,01:00,10.2,,8.6,,90.0,,,M,,M,,,100.04,,,,,,
2005-11-03 02:00:00,2005-11-03 02:00,2005,11,3,02:00,10.4,,8.7,,89.0,,,M,,M,,,99.97,,,,,,
2005-11-03 03:00:00,2005-11-03 03:00,2005,11,3,03:00,10.6,,8.8,,89.0,,,M,,M,,,99.82,,,,,,
2005-11-03 04:00:00,2005-11-03 04:00,2005,11,3,04:00,11.1,,7.9,,81.0,,,M,,M,,,99.68,,,,,,
2005-11-03 05:00:00,2005-11-03 05:00,2005,11,3,05:00,11.1,,7.9,,81.0,,,M,,M,,,99.6,,,,,,
2005-11-03 06:00:00,2005-11-03 06:00,2005,11,3,06:00,11.1,,8.0,,81.0,,,M,,M,,,99.52,,,,,,
2005-11-03 07:00:00,2005-11-03 07:00,2005,11,3,07:00,11.5,,7.7,,77.0,,,M,,M,,,99.52,,,,,,
2005-11-03 08:00:00,2005-11-03 08:00,2005,11,3,08:00,12.3,,7.3,,71.0,,,M,,M,,,99.55,,,,,,
2005-11-03 09:00:00,2005-11-03 09:00,2005,11,3,09:00,14.3,,6.6,,60.0,,,M,,M,,,99.57,,,,,,
2005-11-03 10:00:00,2005-11-03 10:00,2005,11,3,10:00,15.8,,7.2,,57.0,,,M,,M,,,99.56,,,,,,
2005-11-03 11:00:00,2005-11-03 11:00,2005,11,3,11:00,17.9,,7.8,,52.0,,,M,,M,,,99.57,,,,,,
2005-11-03 12:00:00,2005-11-03 12:00,2005,11,3,12:00,18.7,,7.7,,49.0,,,M,,M,,,99.55,,,,,,
2005-11-03 13:00:00,2005-11-03 13:00,2005,11,3,13:00,18.8,,6.9,,46.0,,,M,,M,,,99.57,,,,,,
2005-11-03 14:00:00,2005-11-03 14:00,2005,11,3,14:00,18.8,,7.8,,49.0,,,M,,M,,,99.61,,,,,,
2005-11-03 15:00:00,2005-11-03 15:00,2005,11,3,15:00,18.7,,7.4,,48.0,,,M,,M,,,99.64,,,,,,
2005-11-03 16:00:00,2005-11-03 16:00,2005,11,3,16:00,18.3,,7.5,,49.0,,,M,,M,,,99.69,,,,,,
2005-11-03 17:00:00,2005-11-03 17:00,2005,11,3,17:00,16.8,,8.4,,58.0,,,M,,M,,,99.78,,,,,,
2005-11-03 18:00:00,2005-11-03 18:00,2005,11,3,18:00,16.2,,8.5,,60.0,,,M,,M,,,99.85,,,,,,
2005-11-03 19:00:00,2005-11-03 19:00,2005,11,3,19:00,14.6,,8.6,,67.0,,,M,,M,,,99.89,,,,,,
2005-11-03 20:00:00,2005-11-03 20:00,2005,11,3,20:00,13.2,,7.8,,70.0,,,M,,M,,,99.94,,,,,,
2005-11-03 21:00:00,2005-11-03 21:00,2005,11,3,21:00,12.7,,6.7,,67.0,,,M,,M,,,99.95,,,,,,
2005-11-03 22:00:00,2005-11-03 22:00,2005,11,3,22:00,12.4,,6.1,,65.0,,,M,,M,,,99.92,,,,,,
2005-11-03 23:00:00,2005-11-03 23:00,2005,11,3,23:00,12.0,,6.1,,67.0,,,M,,M,,,99.96,,,,,,
2005-11-04 00:00:00,2005-11-04 00:00,2005,11,4,00:00,10.9,,6.5,,74.0,,,M,,M,,,99.95,,,,,,
2005-11-04 01:00:00,2005-11-04 01:00,2005,11,4,01:00,11.5,,8.2,,80.0,,,M,,M,,,99.9,,,,,,
2005-11-04 02:00:00,2005-11-04 02:00,2005,11,4,02:00,11.8,,6.7,,71.0,,,M,,M,,,99.84,,,,,,
2005-11-04 03:00:00,2005-11-04 03:00,2005,11,4,03:00,11.8,,7.4,,74.0,,,M,,M,,,99.72,,,,,,
2005-11-04 04:00:00,2005-11-04 04:00,2005,11,4,04:00,11.3,,8.2,,81.0,,,M,,M,,,99.66,,,,,,
2005-11-04 05:00:00,2005-11-04 05:00,2005,11,4,05:00,9.5,,7.0,,84.0,,,M,,M,,,99.63,,,,,,
2005-11-04 06:00:00,2005-11-04 06:00,2005,11,4,06:00,9.8,,7.9,,88.0,,,M,,M,,,99.55,,,,,,
2005-11-04 07:00:00,2005-11-04 07:00,2005,11,4,07:00,9.9,,8.6,,92.0,,,M,,M,,,99.48,,,,,,
2005-11-04 08:00:00,2005-11-04 08:00,2005,11,4,08:00,9.5,,8.1,,91.0,,,M,,M,,,99.46,,,,,,
2005-11-04 09:00:00,2005-11-04 09:00,2005,11,4,09:00,10.2,,8.3,,88.0,,,M,,M,,,99.45,,,,,,
2005-11-04 10:00:00,2005-11-04 10:00,2005,11,4,10:00,10.4,,8.0,,85.0,,,M,,M,,,99.4,,,,,,
2005-11-04 11:00:00,2005-11-04 11:00,2005,11,4,11:00,11.2,,8.3,,82.0,,,M,,M,,,99.39,,,,,,
2005-11-04 12:00:00,2005-11-04 12:00,2005,11,4,12:00,14.9,,9.4,,70.0,,,M,,M,,,99.26,,,,,,
2005-11-04 13:00:00,2005-11-04 13:00,2005,11,4,13:00,16.2,,9.6,,65.0,,,M,,M,,,99.18,,,,,,
2005-11-04 14:00:00,2005-11-04 14:00,2005,11,4,14:00,16.4,,9.6,,64.0,,,M,,M,,,99.14,,,,,,
2005-11-04 15:00:00,2005-11-04 15:00,2005,11,4,15:00,16.4,,9.6,,64.0,,,M,,M,,,99.18,,,,,,
2005-11-04 16:00:00,2005-11-04 16:00,2005,11,4,16:00,16.8,,9.1,,60.0,,,M,,M,,,99.25,,,,,,
2005-11-04 17:00:00,2005-11-04 17:00,2005,11,4,17:00,16.8,,8.8,,59.0,,,M,,M,,,99.32,,,,,,
2005-11-04 18:00:00,2005-11-04 18:00,2005,11,4,18:00,16.1,,8.7,,61.0,,,M,,M,,,99.42,,,,,,
2005-11-04 19:00:00,2005-11-04 19:00,2005,11,4,19:00,15.7,,8.9,,64.0,,,M,,M,,,99.46,,,,,,
2005-11-04 20:00:00,2005-11-04 20:00,2005,11,4,20:00,14.8,,9.2,,69.0,,,M,,M,,,99.49,,,,,,
2005-11-04 21:00:00,2005-11-04 21:00,2005,11,4,21:00,15.1,,9.5,,69.0,,,M,,M,,,99.52,,,,,,
2005-11-04 22:00:00,2005-11-04 22:00,2005,11,4,22:00,15.0,,9.7,,71.0,,,M,,M,,,99.59,,,,,,
2005-11-04 23:00:00,2005-11-04 23:00,2005,11,4,23:00,14.5,,9.7,,73.0,,,M,,M,,,99.59,,,,,,
2005-11-05 00:00:00,2005-11-05 00:00,2005,11,5,00:00,14.3,,9.9,,75.0,,,M,,M,,,99.6,,,,,,
2005-11-05 01:00:00,2005-11-05 01:00,2005,11,5,01:00,14.1,,9.5,,74.0,,,M,,M,,,99.67,,,,,,
2005-11-05 02:00:00,2005-11-05 02:00,2005,11,5,02:00,13.2,,9.7,,79.0,,,M,,M,,,99.75,,,,,,
2005-11-05 03:00:00,2005-11-05 03:00,2005,11,5,03:00,13.1,,8.9,,76.0,,,M,,M,,,99.74,,,,,,
2005-11-05 04:00:00,2005-11-05 04:00,2005,11,5,04:00,12.4,,8.7,,78.0,,,M,,M,,,99.76,,,,,,
2005-11-05 05:00:00,2005-11-05 05:00,2005,11,5,05:00,11.6,,8.5,,81.0,,,M,,M,,,99.81,,,,,,
2005-11-05 06:00:00,2005-11-05 06:00,2005,11,5,06:00,11.1,,8.6,,85.0,,,M,,M,,,99.85,,,,,,
2005-11-05 07:00:00,2005-11-05 07:00,2005,11,5,07:00,10.8,,8.4,,85.0,,,M,,M,,,99.85,,,,,,
2005-11-05 08:00:00,2005-11-05 08:00,2005,11,5,08:00,11.5,,8.5,,82.0,,,M,,M,,,99.9,,,,,,
2005-11-05 09:00:00,2005-11-05 09:00,2005,11,5,09:00,11.9,,8.7,,81.0,,,M,,M,,,99.98,,,,,,
2005-11-05 10:00:00,2005-11-05 10:00,2005,11,5,10:00,12.3,,8.9,,80.0,,,M,,M,,,99.97,,,,,,
2005-11-05 11:00:00,2005-11-05 11:00,2005,11,5,11:00,12.9,,9.2,,78.0,,,M,,M,,,100.01,,,,,,
2005-11-05 12:00:00,2005-11-05 12:00,2005,11,5,12:00,12.3,,8.9,,80.0,,,M,,M,,,99.98,,,,,,
2005-11-05 13:00:00,2005-11-05 13:00,2005,11,5,13:00,12.4,,9.3,,81.0,,,M,,M,,,99.91,,,,,,
2005-11-05 14:00:00,2005-11-05 14:00,2005,11,5,14:00,12.1,,9.2,,82.0,,,M,,M,,,99.92,,,,,,
2005-11-05 15:00:00,2005-11-05 15:00,2005,11,5,15:00,11.9,,9.6,,86.0,,,M,,M,,,99.94,,,,,,
2005-11-05 16:00:00,2005-11-05 16:00,2005,11,5,16:00,12.1,,10.2,,88.0,,,M,,M,,,99.97,,,,,,
2005-11-05 17:00:00,2005-11-05 17:00,2005,11,5,17:00,12.0,,10.1,,88.0,,,M,,M,,,100.02,,,,,,
2005-11-05 18:00:00,2005-11-05 18:00,2005,11,5,18:00,11.1,,10.4,,95.0,,,M,,M,,,100.09,,,,,,
2005-11-05 19:00:00,2005-11-05 19:00,2005,11,5,19:00,11.5,,10.8,,95.0,,,M,,M,,,100.04,,,,,,
2005-11-05 20:00:00,2005-11-05 20:00,2005,11,5,20:00,11.9,,11.2,,95.0,,,M,,M,,,100.07,,,,,,
2005-11-05 21:00:00,2005-11-05 21:00,2005,11,5,21:00,11.9,,11.3,,96.0,,,M,,M,,,100.06,,,,,,
2005-11-05 22:00:00,2005-11-05 22:00,2005,11,5,22:00,11.7,,11.1,,96.0,,,M,,M,,,100.01,,,,,,
2005-11-05 23:00:00,2005-11-05 23:00,2005,11,5,23:00,11.4,,10.8,,96.0,,,M,,M,,,99.95,,,,,,
2005-11-06 00:00:00,2005-11-06 00:00,2005,11,6,00:00,10.3,,10.0,,98.0,,,M,,M,,,99.87,,,,,,
2005-11-06 01:00:00,2005-11-06 01:00,2005,11,6,01:00,9.9,,9.7,,99.0,,,M,,M,,,99.81,,,,,,
2005-11-06 02:00:00,2005-11-06 02:00,2005,11,6,02:00,9.2,,9.0,,99.0,,,M,,M,,,99.67,,,,,,
2005-11-06 03:00:00,2005-11-06 03:00,2005,11,6,03:00,8.6,,8.5,,99.0,,,M,,M,,,99.65,,,,,,
2005-11-06 04:00:00,2005-11-06 04:00,2005,11,6,04:00,8.8,,8.8,,100.0,,,M,,M,,,99.52,,,,,,
2005-11-06 05:00:00,2005-11-06 05:00,2005,11,6,05:00,9.2,,9.2,,100.0,,,M,,M,,,99.45,,,,,,
2005-11-06 06:00:00,2005-11-06 06:00,2005,11,6,06:00,9.6,,9.6,,100.0,,,M,,M,,,99.34,,,,,,
2005-11-06 07:00:00,2005-11-06 07:00,2005,11,6,07:00,10.1,,10.1,,100.0,,,M,,M,,,99.22,,,,,,
2005-11-06 08:00:00,2005-11-06 08:00,2005,11,6,08:00,11.3,,11.3,,100.0,,,M,,M,,,99.1,,,,,,
2005-11-06 09:00:00,2005-11-06 09:00,2005,11,6,09:00,12.4,,11.8,,96.0,,,M,,M,,,99.01,,,,,,
2005-11-06 10:00:00,2005-11-06 10:00,2005,11,6,10:00,13.9,,13.5,,97.0,,,M,,M,,,98.89,,,,,,
2005-11-06 11:00:00,2005-11-06 11:00,2005,11,6,11:00,15.4,,14.7,,96.0,,,M,,M,,,98.7,,,,,,
2005-11-06 12:00:00,2005-11-06 12:00,2005,11,6,12:00,16.6,,14.8,,89.0,,,M,,M,,,98.54,,,,,,
2005-11-06 13:00:00,2005-11-06 13:00,2005,11,6,13:00,16.2,,13.1,,82.0,,,M,,M,,,98.48,,,,,,
2005-11-06 14:00:00,2005-11-06 14:00,2005,11,6,14:00,16.2,,11.6,,74.0,,,M,,M,,,98.42,,,,,,
2005-11-06 15:00:00,2005-11-06 15:00,2005,11,6,15:00,15.2,,9.5,,69.0,,,M,,M,,,98.56,,,,,,
2005-11-06 16:00:00,2005-11-06 16:00,2005,11,6,16:00,14.6,,7.7,,63.0,,,M,,M,,,98.66,,,,,,
2005-11-06 17:00:00,2005-11-06 17:00,2005,11,6,17:00,11.9,,3.8,,58.0,,,M,,M,,,98.88,,,,,,
2005-11-06 18:00:00,2005-11-06 18:00,2005,11,6,18:00,10.5,,4.1,,65.0,,,M,,M,,,99.06,,,,,,
2005-11-06 19:00:00,2005-11-06 19:00,2005,11,6,19:00,9.9,,4.0,,67.0,,,M,,M,,,99.21,,,,,,
2005-11-06 20:00:00,2005-11-06 20:00,2005,11,6,20:00,9.7,,3.5,,65.0,,,M,,M,,,99.41,,,,,,
2005-11-06 21:00:00,2005-11-06 21:00,2005,11,6,21:00,9.1,,3.2,,67.0,,,M,,M,,,99.57,,,,,,
2005-11-06 22:00:00,2005-11-06 22:00,2005,11,6,22:00,9.0,,3.9,,70.0,,,M,,M,,,99.68,,,,,,
2005-11-06 23:00:00,2005-11-06 23:00,2005,11,6,23:00,8.9,,4.1,,72.0,,,M,,M,,,99.79,,,,,,
2005-11-07 00:00:00,2005-11-07 00:00,2005,11,7,00:00,8.5,,3.6,,71.0,,,M,,M,,,99.87,,,,,,
2005-11-07 01:00:00,2005-11-07 01:00,2005,11,7,01:00,8.6,,3.1,,68.0,,,M,,M,,,99.93,,,,,,
2005-11-07 02:00:00,2005-11-07 02:00,2005,11,7,02:00,8.4,,3.1,,69.0,,,M,,M,,,100.06,,,,,,
2005-11-07 03:00:00,2005-11-07 03:00,2005,11,7,03:00,8.5,,3.0,,68.0,,,M,,M,,,100.14,,,,,,
2005-11-07 04:00:00,2005-11-07 04:00,2005,11,7,04:00,8.5,,2.9,,68.0,,,M,,M,,,100.21,,,,,,
2005-11-07 05:00:00,2005-11-07 05:00,2005,11,7,05:00,8.1,,3.1,,71.0,,,M,,M,,,100.29,,,,,,
2005-11-07 06:00:00,2005-11-07 06:00,2005,11,7,06:00,8.0,,2.8,,70.0,,,M,,M,,,100.37,,,,,,
2005-11-07 07:00:00,2005-11-07 07:00,2005,11,7,07:00,7.4,,2.5,,71.0,,,M,,M,,,100.44,,,,,,
2005-11-07 08:00:00,2005-11-07 08:00,2005,11,7,08:00,7.6,,2.6,,71.0,,,M,,M,,,100.54,,,,,,
2005-11-07 09:00:00,2005-11-07 09:00,2005,11,7,09:00,8.0,,3.2,,72.0,,,M,,M,,,100.59,,,,,,
2005-11-07 10:00:00,2005-11-07 10:00,2005,11,7,10:00,9.4,,3.8,,68.0,,,M,,M,,,100.62,,,,,,
2005-11-07 11:00:00,2005-11-07 11:00,2005,11,7,11:00,11.0,,3.9,,62.0,,,M,,M,,,100.59,,,,,,
2005-11-07 12:00:00,2005-11-07 12:00,2005,11,7,12:00,11.8,,3.8,,58.0,,,M,,M,,,100.63,,,,,,
2005-11-07 13:00:00,2005-11-07 13:00,2005,11,7,13:00,12.7,,3.7,,54.0,,,M,,M,,,100.52,,,,,,
2005-11-07 14:00:00,2005-11-07 14:00,2005,11,7,14:00,12.1,,2.9,,53.0,,,M,,M,,,100.52,,,,,,
2005-11-07 15:00:00,2005-11-07 15:00,2005,11,7,15:00,12.2,,3.2,,54.0,,,M,,M,,,100.46,,,,,,
2005-11-07 16:00:00,2005-11-07 16:00,2005,11,7,16:00,12.3,,3.5,,55.0,,,M,,M,,,100.4,,,,,,
2005-11-07 17:00:00,2005-11-07 17:00,2005,11,7,17:00,11.7,,4.4,,61.0,,,M,,M,,,100.38,,,,,,
2005-11-07 18:00:00,2005-11-07 18:00,2005,11,7,18:00,11.6,,5.4,,66.0,,,M,,M,,,100.33,,,,,,
2005-11-07 19:00:00,2005-11-07 19:00,2005,11,7,19:00,11.2,,6.0,,70.0,,,M,,M,,,100.32,,,,,,
2005-11-07 20:00:00,2005-11-07 20:00,2005,11,7,20:00,10.6,,6.5,,76.0,,,M,,M,,,100.26,,,,,,
2005-11-07 21:00:00,2005-11-07 21:00,2005,11,7,21:00,10.8,,7.0,,77.0,,,M,,M,,,100.2,,,,,,
2005-11-07 22:00:00,2005-11-07 22:00,2005,11,7,22:00,10.6,,7.1,,79.0,,,M,,M,,,100.18,,,,,,
2005-11-07 23:00:00,2005-11-07 23:00,2005,11,7,23:00,10.3,,7.4,,82.0,,,M,,M,,,100.15,,,,,,
2005-11-08 00:00:00,2005-11-08 00:00,2005,11,8,00:00,9.9,,7.3,,84.0,,,M,,M,,,100.14,,,,,,
2005-11-08 01:00:00,2005-11-08 01:00,2005,11,8,01:00,11.5,,7.0,,74.0,,,M,,M,,,100.16,,,,,,
2005-11-08 02:00:00,2005-11-08 02:00,2005,11,8,02:00,11.6,,7.1,,74.0,,,M,,M,,,100.18,,,,,,
2005-11-08 03:00:00,2005-11-08 03:00,2005,11,8,03:00,11.4,,7.1,,75.0,,,M,,M,,,100.22,,,,,,
2005-11-08 04:00:00,2005-11-08 04:00,2005,11,8,04:00,10.5,,7.0,,79.0,,,M,,M,,,100.23,,,,,,
2005-11-08 05:00:00,2005-11-08 05:00,2005,11,8,05:00,9.7,,6.9,,83.0,,,M,,M,,,100.3,,,,,,
2005-11-08 06:00:00,2005-11-08 06:00,2005,11,8,06:00,8.7,,6.4,,85.0,,,M,,M,,,100.36,,,,,,
2005-11-08 07:00:00,2005-11-08 07:00,2005,11,8,07:00,7.8,,5.8,,87.0,,,M,,M,,,100.45,,,,,,
2005-11-08 08:00:00,2005-11-08 08:00,2005,11,8,08:00,7.9,,5.3,,84.0,,,M,,M,,,100.54,,,,,,
2005-11-08 09:00:00,2005-11-08 09:00,2005,11,8,09:00,8.2,,4.7,,79.0,,,M,,M,,,100.58,,,,,,
2005-11-08 10:00:00,2005-11-08 10:00,2005,11,8,10:00,9.4,,4.7,,72.0,,,M,,M,,,100.62,,,,,,
2005-11-08 11:00:00,2005-11-08 11:00,2005,11,8,11:00,11.3,,4.9,,65.0,,,M,,M,,,100.65,,,,,,
2005-11-08 12:00:00,2005-11-08 12:00,2005,11,8,12:00,10.7,,4.9,,67.0,,,M,,M,,,100.64,,,,,,
2005-11-08 13:00:00,2005-11-08 13:00,2005,11,8,13:00,10.8,,5.3,,69.0,,,M,,M,,,100.62,,,,,,
2005-11-08 14:00:00,2005-11-08 14:00,2005,11,8,14:00,10.4,,5.2,,70.0,,,M,,M,,,100.62,,,,,,
2005-11-08 15:00:00,2005-11-08 15:00,2005,11,8,15:00,10.2,,4.4,,67.0,,,M,,M,,,100.62,,,,,,
2005-11-08 16:00:00,2005-11-08 16:00,2005,11,8,16:00,9.6,,4.2,,69.0,,,M,,M,,,100.68,,,,,,
2005-11-08 17:00:00,2005-11-08 17:00,2005,11,8,17:00,8.8,,4.4,,74.0,,,M,,M,,,100.74,,,,,,
2005-11-08 18:00:00,2005-11-08 18:00,2005,11,8,18:00,8.6,,4.3,,74.0,,,M,,M,,,100.77,,,,,,
2005-11-08 19:00:00,2005-11-08 19:00,2005,11,8,19:00,8.6,,3.5,,70.0,,,M,,M,,,100.8,,,,,,
2005-11-08 20:00:00,2005-11-08 20:00,2005,11,8,20:00,8.4,,3.4,,71.0,,,M,,M,,,100.76,,,,,,
2005-11-08 21:00:00,2005-11-08 21:00,2005,11,8,21:00,8.1,,3.1,,71.0,,,M,,M,,,100.78,,,,,,
2005-11-08 22:00:00,2005-11-08 22:00,2005,11,8,22:00,7.9,,2.8,,70.0,,,M,,M,,,100.77,,,,,,
2005-11-08 23:00:00,2005-11-08 23:00,2005,11,8,23:00,7.4,,2.6,,72.0,,,M,,M,,,100.71,,,,,,
2005-11-09 00:00:00,2005-11-09 00:00,2005,11,9,00:00,7.1,,2.1,,70.0,,,M,,M,,,100.68,,,,,,
2005-11-09 01:00:00,2005-11-09 01:00,2005,11,9,01:00,6.5,,3.6,,82.0,,,M,,M,,,100.6,,,,,,
2005-11-09 02:00:00,2005-11-09 02:00,2005,11,9,02:00,6.0,,3.6,,85.0,,,M,,M,,,100.42,,,,,,
2005-11-09 03:00:00,2005-11-09 03:00,2005,11,9,03:00,5.9,,3.4,,84.0,,,M,,M,,,100.39,,,,,,
2005-11-09 04:00:00,2005-11-09 04:00,2005,11,9,04:00,6.0,,3.8,,86.0,,,M,,M,,,100.34,,,,,,
2005-11-09 05:00:00,2005-11-09 05:00,2005,11,9,05:00,5.9,,4.0,,88.0,,,M,,M,,,100.14,,,,,,
2005-11-09 06:00:00,2005-11-09 06:00,2005,11,9,06:00,7.1,,5.4,,89.0,,,M,,M,,,99.99,,,,,,
2005-11-09 07:00:00,2005-11-09 07:00,2005,11,9,07:00,7.1,,5.0,,86.0,,,M,,M,,,99.87,,,,,,
2005-11-09 08:00:00,2005-11-09 08:00,2005,11,9,08:00,6.6,,5.5,,93.0,,,M,,M,,,99.63,,,,,,
2005-11-09 09:00:00,2005-11-09 09:00,2005,11,9,09:00,6.6,,6.0,,96.0,,,M,,M,,,99.39,,,,,,
2005-11-09 10:00:00,2005-11-09 10:00,2005,11,9,10:00,7.1,,6.7,,97.0,,,M,,M,,,99.15,,,,,,
2005-11-09 11:00:00,2005-11-09 11:00,2005,11,9,11:00,7.8,,7.6,,99.0,,,M,,M,,,98.97,,,,,,
2005-11-09 12:00:00,2005-11-09 12:00,2005,11,9,12:00,8.5,,8.4,,99.0,,,M,,M,,,98.73,,,,,,
2005-11-09 13:00:00,2005-11-09 13:00,2005,11,9,13:00,9.8,,9.7,,99.0,,,M,,M,,,98.46,,,,,,
2005-11-09 14:00:00,2005-11-09 14:00,2005,11,9,14:00,11.2,,11.2,,100.0,,,M,,M,,,98.31,,,,,,
2005-11-09 15:00:00,2005-11-09 15:00,2005,11,9,15:00,11.7,,11.7,,100.0,,,M,,M,,,98.21,,,,,,
2005-11-09 16:00:00,2005-11-09 16:00,2005,11,9,16:00,12.8,,12.8,,100.0,,,M,,M,,,98.07,,,,,,
2005-11-09 17:00:00,2005-11-09 17:00,2005,11,9,17:00,13.4,,13.1,,98.0,,,M,,M,,,98.27,,,,,,
2005-11-09 18:00:00,2005-11-09 18:00,2005,11,9,18:00,12.0,,6.4,,69.0,,,M,,M,,,98.48,,,,,,
2005-11-09 19:00:00,2005-11-09 19:00,2005,11,9,19:00,9.9,,4.2,,68.0,,,M,,M,,,98.65,,,,,,
2005-11-09 20:00:00,2005-11-09 20:00,2005,11,9,20:00,9.4,,2.7,,63.0,,,M,,M,,,98.79,,,,,,
2005-11-09 21:00:00,2005-11-09 21:00,2005,11,9,21:00,9.0,,1.9,,61.0,,,M,,M,,,98.81,,,,,,
2005-11-09 22:00:00,2005-11-09 22:00,2005,11,9,22:00,8.9,,1.6,,60.0,,,M,,M,,,98.85,,,,,,
2005-11-09 23:00:00,2005-11-09 23:00,2005,11,9,23:00,8.7,,1.4,,60.0,,,M,,M,,,98.86,,,,,,
2005-11-10 00:00:00,2005-11-10 00:00,2005,11,10,00:00,7.8,,1.9,,66.0,,,M,,M,,,98.88,,,,,,
2005-11-10 01:00:00,2005-11-10 01:00,2005,11,10,01:00,7.1,,2.2,,71.0,,,M,,M,,,98.88,,,,,,
2005-11-10 02:00:00,2005-11-10 02:00,2005,11,10,02:00,5.9,,2.5,,79.0,,,M,,M,,,98.92,,,,,,
2005-11-10 03:00:00,2005-11-10 03:00,2005,11,10,03:00,5.2,,1.6,,78.0,,,M,,M,,,98.99,,,,,,
2005-11-10 04:00:00,2005-11-10 04:00,2005,11,10,04:00,4.5,,0.0,,73.0,,,M,,M,,,99.06,,,,,,
2005-11-10 05:00:00,2005-11-10 05:00,2005,11,10,05:00,4.5,,0.2,,74.0,,,M,,M,,,99.16,,,,,,
2005-11-10 06:00:00,2005-11-10 06:00,2005,11,10,06:00,3.9,,-0.1,,75.0,,,M,,M,,,99.3,,,,,,
2005-11-10 07:00:00,2005-11-10 07:00,2005,11,10,07:00,3.4,,-0.9,,73.0,,,M,,M,,,99.45,,,,,,
2005-11-10 08:00:00,2005-11-10 08:00,2005,11,10,08:00,3.9,,-4.2,,55.0,,,M,,M,,,99.59,,,,,,
2005-11-10 09:00:00,2005-11-10 09:00,2005,11,10,09:00,4.6,,-3.9,,54.0,,,M,,M,,,99.71,,,,,,
2005-11-10 10:00:00,2005-11-10 10:00,2005,11,10,10:00,4.8,,-3.6,,54.0,,,M,,M,,,99.77,,,,,,
2005-11-10 11:00:00,2005-11-10 11:00,2005,11,10,11:00,5.1,,-3.6,,53.0,,,M,,M,,,99.84,,,,,,
2005-11-10 12:00:00,2005-11-10 12:00,2005,11,10,12:00,4.9,,-3.2,,56.0,,,M,,M,,,99.85,,,,,,
2005-11-10 13:00:00,2005-11-10 13:00,2005,11,10,13:00,5.3,,-3.9,,51.0,,,M,,M,,,99.87,,,,,,
2005-11-10 14:00:00,2005-11-10 14:00,2005,11,10,14:00,6.1,,-2.8,,53.0,,,M,,M,,,99.88,,,,,,
2005-11-10 15:00:00,2005-11-10 15:00,2005,11,10,15:00,6.0,,-2.6,,54.0,,,M,,M,,,99.91,,,,,,
2005-11-10 16:00:00,2005-11-10 16:00,2005,11,10,16:00,5.8,,-3.3,,52.0,,,M,,M,,,99.99,,,,,,
2005-11-10 17:00:00,2005-11-10 17:00,2005,11,10,17:00,5.2,,-1.8,,61.0,,,M,,M,,,100.05,,,,,,
2005-11-10 18:00:00,2005-11-10 18:00,2005,11,10,18:00,4.9,,-1.1,,65.0,,,M,,M,,,100.13,,,,,,
2005-11-10 19:00:00,2005-11-10 19:00,2005,11,10,19:00,4.8,,-1.3,,65.0,,,M,,M,,,100.15,,,,,,
2005-11-10 20:00:00,2005-11-10 20:00,2005,11,10,20:00,4.6,,-0.8,,68.0,,,M,,M,,,100.14,,,,,,
2005-11-10 21:00:00,2005-11-10 21:00,2005,11,10,21:00,4.0,,0.0,,75.0,,,M,,M,,,100.23,,,,,,
2005-11-10 22:00:00,2005-11-10 22:00,2005,11,10,22:00,3.8,,-2.8,,62.0,,,M,,M,,,100.25,,,,,,
2005-11-10 23:00:00,2005-11-10 23:00,2005,11,10,23:00,4.1,,-3.0,,60.0,,,M,,M,,,100.23,,,,,,
2005-11-11 00:00:00,2005-11-11 00:00,2005,11,11,00:00,4.1,,-2.4,,63.0,,,M,,M,,,100.22,,,,,,
2005-11-11 01:00:00,2005-11-11 01:00,2005,11,11,01:00,4.1,,-2.2,,63.0,,,M,,M,,,100.22,,,,,,
2005-11-11 02:00:00,2005-11-11 02:00,2005,11,11,02:00,3.6,,-3.5,,60.0,,,M,,M,,,100.27,,,,,,
2005-11-11 03:00:00,2005-11-11 03:00,2005,11,11,03:00,3.4,,-3.5,,61.0,,,M,,M,,,100.27,,,,,,
2005-11-11 04:00:00,2005-11-11 04:00,2005,11,11,04:00,3.8,,-3.5,,59.0,,,M,,M,,,100.31,,,,,,
2005-11-11 05:00:00,2005-11-11 05:00,2005,11,11,05:00,3.9,,-2.6,,63.0,,,M,,M,,,100.36,,,,,,
2005-11-11 06:00:00,2005-11-11 06:00,2005,11,11,06:00,3.9,,-1.9,,66.0,,,M,,M,,,100.41,,,,,,
2005-11-11 07:00:00,2005-11-11 07:00,2005,11,11,07:00,3.9,,-2.0,,65.0,,,M,,M,,,100.43,,,,,,
2005-11-11 08:00:00,2005-11-11 08:00,2005,11,11,08:00,4.2,,-0.8,,70.0,,,M,,M,,,100.47,,,,,,
2005-11-11 09:00:00,2005-11-11 09:00,2005,11,11,09:00,5.0,,0.2,,71.0,,,M,,M,,,100.51,,,,,,
2005-11-11 10:00:00,2005-11-11 10:00,2005,11,11,10:00,5.4,,0.9,,73.0,,,M,,M,,,100.52,,,,,,
2005-11-11 11:00:00,2005-11-11 11:00,2005,11,11,11:00,6.6,,0.7,,66.0,,,M,,M,,,100.53,,,,,,
2005-11-11 12:00:00,2005-11-11 12:00,2005,11,11,12:00,7.4,,0.2,,60.0,,,M,,M,,,100.47,,,,,,
2005-11-11 13:00:00,2005-11-11 13:00,2005,11,11,13:00,8.2,,0.0,,56.0,,,M,,M,,,100.43,,,,,,
2005-11-11 14:00:00,2005-11-11 14:00,2005,11,11,14:00,8.7,,0.8,,58.0,,,M,,M,,,100.42,,,,,,
2005-11-11 15:00:00,2005-11-11 15:00,2005,11,11,15:00,8.7,,0.7,,57.0,,,M,,M,,,100.44,,,,,,
2005-11-11 16:00:00,2005-11-11 16:00,2005,11,11,16:00,8.8,,1.6,,61.0,,,M,,M,,,100.43,,,,,,
2005-11-11 17:00:00,2005-11-11 17:00,2005,11,11,17:00,8.7,,1.2,,59.0,,,M,,M,,,100.42,,,,,,
2005-11-11 18:00:00,2005-11-11 18:00,2005,11,11,18:00,8.1,,1.3,,62.0,,,M,,M,,,100.48,,,,,,
2005-11-11 19:00:00,2005-11-11 19:00,2005,11,11,19:00,7.3,,1.6,,67.0,,,M,,M,,,100.49,,,,,,
2005-11-11 20:00:00,2005-11-11 20:00,2005,11,11,20:00,7.5,,1.6,,66.0,,,M,,M,,,100.48,,,,,,
2005-11-11 21:00:00,2005-11-11 21:00,2005,11,11,21:00,7.1,,1.3,,67.0,,,M,,M,,,100.49,,,,,,
2005-11-11 22:00:00,2005-11-11 22:00,2005,11,11,22:00,6.3,,1.4,,71.0,,,M,,M,,,100.52,,,,,,
2005-11-11 23:00:00,2005-11-11 23:00,2005,11,11,23:00,5.3,,1.5,,76.0,,,M,,M,,,100.49,,,,,,
2005-11-12 00:00:00,2005-11-12 00:00,2005,11,12,00:00,5.6,,2.7,,82.0,,,M,,M,,,100.5,,,,,,
2005-11-12 01:00:00,2005-11-12 01:00,2005,11,12,01:00,6.0,,4.0,,87.0,,,M,,M,,,100.49,,,,,,
2005-11-12 02:00:00,2005-11-12 02:00,2005,11,12,02:00,5.6,,4.0,,89.0,,,M,,M,,,100.52,,,,,,
2005-11-12 03:00:00,2005-11-12 03:00,2005,11,12,03:00,5.3,,4.0,,91.0,,,M,,M,,,100.52,,,,,,
2005-11-12 04:00:00,2005-11-12 04:00,2005,11,12,04:00,5.3,,4.3,,93.0,,,M,,M,,,100.49,,,,,,
2005-11-12 05:00:00,2005-11-12 05:00,2005,11,12,05:00,5.3,,4.2,,93.0,,,M,,M,,,100.5,,,,,,
2005-11-12 06:00:00,2005-11-12 06:00,2005,11,12,06:00,4.8,,3.8,,93.0,,,M,,M,,,100.48,,,,,,
2005-11-12 07:00:00,2005-11-12 07:00,2005,11,12,07:00,6.2,,5.3,,94.0,,,M,,M,,,100.49,,,,,,
2005-11-12 08:00:00,2005-11-12 08:00,2005,11,12,08:00,7.3,,6.3,,93.0,,,M,,M,,,100.49,,,,,,
2005-11-12 09:00:00,2005-11-12 09:00,2005,11,12,09:00,8.5,,5.8,,83.0,,,M,,M,,,100.48,,,,,,
2005-11-12 10:00:00,2005-11-12 10:00,2005,11,12,10:00,9.4,,5.7,,78.0,,,M,,M,,,100.5,,,,,,
2005-11-12 11:00:00,2005-11-12 11:00,2005,11,12,11:00,11.5,,6.0,,69.0,,,M,,M,,,100.46,,,,,,
2005-11-12 12:00:00,2005-11-12 12:00,2005,11,12,12:00,11.4,,4.8,,64.0,,,M,,M,,,100.37,,,,,,
2005-11-12 13:00:00,2005-11-12 13:00,2005,11,12,13:00,13.1,,4.3,,55.0,,,M,,M,,,100.3,,,,,,
2005-11-12 14:00:00,2005-11-12 14:00,2005,11,12,14:00,13.4,,5.0,,57.0,,,M,,M,,,100.26,,,,,,
2005-11-12 15:00:00,2005-11-12 15:00,2005,11,12,15:00,13.1,,4.6,,56.0,,,M,,M,,,100.27,,,,,,
2005-11-12 16:00:00,2005-11-12 16:00,2005,11,12,16:00,12.8,,4.4,,57.0,,,M,,M,,,100.3,,,,,,
2005-11-12 17:00:00,2005-11-12 17:00,2005,11,12,17:00,12.7,,3.2,,52.0,,,M,,M,,,100.3,,,,,,
2005-11-12 18:00:00,2005-11-12 18:00,2005,11,12,18:00,11.3,,3.9,,60.0,,,M,,M,,,100.32,,,,,,
2005-11-12 19:00:00,2005-11-12 19:00,2005,11,12,19:00,12.0,,3.1,,54.0,,,M,,M,,,100.26,,,,,,
2005-11-12 20:00:00,2005-11-12 20:00,2005,11,12,20:00,13.0,,3.2,,51.0,,,M,,M,,,100.23,,,,,,
2005-11-12 21:00:00,2005-11-12 21:00,2005,11,12,21:00,12.4,,3.9,,56.0,,,M,,M,,,100.22,,,,,,
2005-11-12 22:00:00,2005-11-12 22:00,2005,11,12,22:00,12.0,,4.0,,58.0,,,M,,M,,,100.23,,,,,,
2005-11-12 23:00:00,2005-11-12 23:00,2005,11,12,23:00,11.9,,3.8,,58.0,,,M,,M,,,100.17,,,,,,
2005-11-13 00:00:00,2005-11-13 00:00,2005,11,13,00:00,11.7,,3.9,,59.0,,,M,,M,,,100.18,,,,,,
2005-11-13 01:00:00,2005-11-13 01:00,2005,11,13,01:00,10.9,,4.2,,63.0,,,M,,M,,,100.15,,,,,,
2005-11-13 02:00:00,2005-11-13 02:00,2005,11,13,02:00,11.8,,3.9,,58.0,,,M,,M,,,100.12,,,,,,
2005-11-13 03:00:00,2005-11-13 03:00,2005,11,13,03:00,9.8,,4.5,,70.0,,,M,,M,,,100.07,,,,,,
2005-11-13 04:00:00,2005-11-13 04:00,2005,11,13,04:00,11.9,,3.9,,58.0,,,M,,M,,,99.99,,,,,,
2005-11-13 05:00:00,2005-11-13 05:00,2005,11,13,05:00,11.5,,3.7,,59.0,,,M,,M,,,99.91,,,,,,
2005-11-13 06:00:00,2005-11-13 06:00,2005,11,13,06:00,11.0,,4.5,,64.0,,,M,,M,,,99.85,,,,,,
2005-11-13 07:00:00,2005-11-13 07:00,2005,11,13,07:00,11.6,,5.0,,64.0,,,M,,M,,,99.83,,,,,,
2005-11-13 08:00:00,2005-11-13 08:00,2005,11,13,08:00,10.3,,7.7,,84.0,,,M,,M,,,99.82,,,,,,
2005-11-13 09:00:00,2005-11-13 09:00,2005,11,13,09:00,10.5,,8.3,,86.0,,,M,,M,,,99.79,,,,,,
2005-11-13 10:00:00,2005-11-13 10:00,2005,11,13,10:00,11.9,,8.2,,78.0,,,M,,M,,,99.76,,,,,,
2005-11-13 11:00:00,2005-11-13 11:00,2005,11,13,11:00,12.2,,8.1,,76.0,,,M,,M,,,99.73,,,,,,
2005-11-13 12:00:00,2005-11-13 12:00,2005,11,13,12:00,13.4,,9.2,,76.0,,,M,,M,,,99.62,,,,,,
2005-11-13 13:00:00,2005-11-13 13:00,2005,11,13,13:00,13.9,,9.8,,76.0,,,M,,M,,,99.58,,,,,,
2005-11-13 14:00:00,2005-11-13 14:00,2005,11,13,14:00,14.3,,10.4,,77.0,,,M,,M,,,99.56,,,,,,
2005-11-13 15:00:00,2005-11-13 15:00,2005,11,13,15:00,14.5,,10.6,,77.0,,,M,,M,,,99.56,,,,,,
2005-11-13 16:00:00,2005-11-13 16:00,2005,11,13,16:00,14.5,,10.6,,77.0,,,M,,M,,,99.56,,,,,,
2005-11-13 17:00:00,2005-11-13 17:00,2005,11,13,17:00,14.0,,10.1,,77.0,,,M,,M,,,99.56,,,,,,
2005-11-13 18:00:00,2005-11-13 18:00,2005,11,13,18:00,13.6,,10.5,,82.0,,,M,,M,,,99.56,,,,,,
2005-11-13 19:00:00,2005-11-13 19:00,2005,11,13,19:00,13.1,,10.4,,84.0,,,M,,M,,,99.56,,,,,,
2005-11-13 20:00:00,2005-11-13 20:00,2005,11,13,20:00,12.9,,10.2,,84.0,,,M,,M,,,99.59,,,,,,
2005-11-13 21:00:00,2005-11-13 21:00,2005,11,13,21:00,15.2,,3.9,,47.0,,,M,,M,,,99.68,,,,,,
2005-11-13 22:00:00,2005-11-13 22:00,2005,11,13,22:00,11.1,,2.1,,54.0,,,M,,M,,,99.91,,,,,,
2005-11-13 23:00:00,2005-11-13 23:00,2005,11,13,23:00,10.3,,2.5,,58.0,,,M,,M,,,100.04,,,,,,
2005-11-14 00:00:00,2005-11-14 00:00,2005,11,14,00:00,9.9,,0.0,,50.0,,,M,,M,,,100.13,,,,,,
2005-11-14 01:00:00,2005-11-14 01:00,2005,11,14,01:00,9.7,,-0.3,,50.0,,,M,,M,,,100.2,,,,,,
2005-11-14 02:00:00,2005-11-14 02:00,2005,11,14,02:00,8.6,,-0.1,,54.0,,,M,,M,,,100.36,,,,,,
2005-11-14 03:00:00,2005-11-14 03:00,2005,11,14,03:00,7.6,,0.5,,61.0,,,M,,M,,,100.5,,,,,,
2005-11-14 04:00:00,2005-11-14 04:00,2005,11,14,04:00,7.4,,1.2,,65.0,,,M,,M,,,100.62,,,,,,
2005-11-14 05:00:00,2005-11-14 05:00,2005,11,14,05:00,6.7,,0.5,,65.0,,,M,,M,,,100.81,,,,,,
2005-11-14 06:00:00,2005-11-14 06:00,2005,11,14,06:00,6.4,,0.6,,66.0,,,M,,M,,,100.96,,,,,,
2005-11-14 07:00:00,2005-11-14 07:00,2005,11,14,07:00,5.8,,0.5,,69.0,,,M,,M,,,101.06,,,,,,
2005-11-14 08:00:00,2005-11-14 08:00,2005,11,14,08:00,5.5,,0.6,,71.0,,,M,,M,,,101.2,,,,,,
2005-11-14 09:00:00,2005-11-14 09:00,2005,11,14,09:00,5.8,,0.5,,69.0,,,M,,M,,,101.28,,,,,,
2005-11-14 10:00:00,2005-11-14 10:00,2005,11,14,10:00,6.8,,1.0,,66.0,,,M,,M,,,101.37,,,,,,
2005-11-14 11:00:00,2005-11-14 11:00,2005,11,14,11:00,7.9,,0.9,,61.0,,,M,,M,,,101.44,,,,,,
2005-11-14 12:00:00,2005-11-14 12:00,2005,11,14,12:00,8.3,,0.1,,56.0,,,M,,M,,,101.41,,,,,,
2005-11-14 13:00:00,2005-11-14 13:00,2005,11,14,13:00,8.7,,-0.3,,53.0,,,M,,M,,,101.39,,,,,,
2005-11-14 14:00:00,2005-11-14 14:00,2005,11,14,14:00,8.0,,0.8,,60.0,,,M,,M,,,101.41,,,,,,
2005-11-14 15:00:00,2005-11-14 15:00,2005,11,14,15:00,8.0,,1.8,,65.0,,,M,,M,,,101.44,,,,,,
2005-11-14 16:00:00,2005-11-14 16:00,2005,11,14,16:00,7.8,,0.9,,62.0,,,M,,M,,,101.42,,,,,,
2005-11-14 17:00:00,2005-11-14 17:00,2005,11,14,17:00,7.7,,1.1,,63.0,,,M,,M,,,101.35,,,,,,
2005-11-14 18:00:00,2005-11-14 18:00,2005,11,14,18:00,7.6,,1.0,,63.0,,,M,,M,,,101.4,,,,,,
2005-11-14 19:00:00,2005-11-14 19:00,2005,11,14,19:00,7.1,,1.7,,68.0,,,M,,M,,,101.35,,,,,,
2005-11-14 20:00:00,2005-11-14 20:00,2005,11,14,20:00,7.1,,1.4,,67.0,,,M,,M,,,101.3,,,,,,
2005-11-14 21:00:00,2005-11-14 21:00,2005,11,14,21:00,7.1,,0.7,,64.0,,,M,,M,,,101.32,,,,,,
2005-11-14 22:00:00,2005-11-14 22:00,2005,11,14,22:00,6.4,,2.5,,76.0,,,M,,M,,,101.26,,,,,,
2005-11-14 23:00:00,2005-11-14 23:00,2005,11,14,23:00,6.4,,2.1,,74.0,,,M,,M,,,101.18,,,,,,
2005-11-15 00:00:00,2005-11-15 00:00,2005,11,15,00:00,6.4,,2.8,,78.0,,,M,,M,,,101.12,,,,,,
2005-11-15 01:00:00,2005-11-15 01:00,2005,11,15,01:00,6.6,,3.0,,78.0,,,M,,M,,,101.0,,,,,,
2005-11-15 02:00:00,2005-11-15 02:00,2005,11,15,02:00,6.5,,3.8,,83.0,,,M,,M,,,100.83,,,,,,
2005-11-15 03:00:00,2005-11-15 03:00,2005,11,15,03:00,6.3,,4.5,,88.0,,,M,,M,,,100.71,,,,,,
2005-11-15 04:00:00,2005-11-15 04:00,2005,11,15,04:00,6.5,,5.2,,91.0,,,M,,M,,,100.64,,,,,,
2005-11-15 05:00:00,2005-11-15 05:00,2005,11,15,05:00,5.9,,5.3,,96.0,,,M,,M,,,100.48,,,,,,
2005-11-15 06:00:00,2005-11-15 06:00,2005,11,15,06:00,5.8,,5.4,,97.0,,,M,,M,,,100.45,,,,,,
2005-11-15 07:00:00,2005-11-15 07:00,2005,11,15,07:00,6.0,,5.7,,98.0,,,M,,M,,,100.35,,,,,,
2005-11-15 08:00:00,2005-11-15 08:00,2005,11,15,08:00,6.3,,6.1,,99.0,,,M,,M,,,100.4,,,,,,
2005-11-15 09:00:00,2005-11-15 09:00,2005,11,15,09:00,6.5,,6.3,,99.0,,,M,,M,,,100.38,,,,,,
2005-11-15 10:00:00,2005-11-15 10:00,2005,11,15,10:00,6.4,,6.2,,99.0,,,M,,M,,,100.33,,,,,,
2005-11-15 11:00:00,2005-11-15 11:00,2005,11,15,11:00,6.7,,6.6,,99.0,,,M,,M,,,100.3,,,,,,
2005-11-15 12:00:00,2005-11-15 12:00,2005,11,15,12:00,7.0,,6.8,,99.0,,,M,,M,,,100.23,,,,,,
2005-11-15 13:00:00,2005-11-15 13:00,2005,11,15,13:00,7.0,,6.7,,98.0,,,M,,M,,,100.15,,,,,,
2005-11-15 14:00:00,2005-11-15 14:00,2005,11,15,14:00,7.0,,6.7,,98.0,,,M,,M,,,100.06,,,,,,
2005-11-15 15:00:00,2005-11-15 15:00,2005,11,15,15:00,6.8,,6.6,,99.0,,,M,,M,,,99.98,,,,,,
2005-11-15 16:00:00,2005-11-15 16:00,2005,11,15,16:00,6.9,,6.7,,99.0,,,M,,M,,,99.93,,,,,,
2005-11-15 17:00:00,2005-11-15 17:00,2005,11,15,17:00,7.3,,7.1,,99.0,,,M,,M,,,99.85,,,,,,
2005-11-15 18:00:00,2005-11-15 18:00,2005,11,15,18:00,7.4,,7.2,,99.0,,,M,,M,,,99.77,,,,,,
2005-11-15 19:00:00,2005-11-15 19:00,2005,11,15,19:00,7.3,,7.1,,99.0,,,M,,M,,,99.61,,,,,,
2005-11-15 20:00:00,2005-11-15 20:00,2005,11,15,20:00,7.3,,7.1,,99.0,,,M,,M,,,99.5,,,,,,
2005-11-15 21:00:00,2005-11-15 21:00,2005,11,15,21:00,7.5,,7.3,,99.0,,,M,,M,,,99.41,,,,,,
2005-11-15 22:00:00,2005-11-15 22:00,2005,11,15,22:00,7.8,,7.7,,99.0,,,M,,M,,,99.32,,,,,,
2005-11-15 23:00:00,2005-11-15 23:00,2005,11,15,23:00,8.6,,8.4,,99.0,,,M,,M,,,99.2,,,,,,
2005-11-16 00:00:00,2005-11-16 00:00,2005,11,16,00:00,9.1,,8.8,,98.0,,,M,,M,,,99.09,,,,,,
2005-11-16 01:00:00,2005-11-16 01:00,2005,11,16,01:00,10.4,,10.0,,97.0,,,M,,M,,,98.96,,,,,,
2005-11-16 02:00:00,2005-11-16 02:00,2005,11,16,02:00,11.3,,10.8,,97.0,,,M,,M,,,98.82,,,,,,
2005-11-16 03:00:00,2005-11-16 03:00,2005,11,16,03:00,14.7,,13.4,,92.0,,,M,,M,,,98.69,,,,,,
2005-11-16 04:00:00,2005-11-16 04:00,2005,11,16,04:00,16.2,,13.0,,81.0,,,M,,M,,,98.55,,,,,,
2005-11-16 05:00:00,2005-11-16 05:00,2005,11,16,05:00,16.2,,13.0,,81.0,,,M,,M,,,98.49,,,,,,
2005-11-16 06:00:00,2005-11-16 06:00,2005,11,16,06:00,13.6,,7.9,,68.0,,,M,,M,,,98.75,,,,,,
2005-11-16 07:00:00,2005-11-16 07:00,2005,11,16,07:00,10.5,,6.1,,74.0,,,M,,M,,,98.9,,,,,,
2005-11-16 08:00:00,2005-11-16 08:00,2005,11,16,08:00,8.8,,5.3,,79.0,,,M,,M,,,99.08,,,,,,
2005-11-16 09:00:00,2005-11-16 09:00,2005,11,16,09:00,8.0,,4.7,,80.0,,,M,,M,,,99.21,,,,,,
2005-11-16 10:00:00,2005-11-16 10:00,2005,11,16,10:00,7.7,,3.0,,72.0,,,M,,M,,,99.33,,,,,,
2005-11-16 11:00:00,2005-11-16 11:00,2005,11,16,11:00,7.7,,2.2,,68.0,,,M,,M,,,99.42,,,,,,
2005-11-16 12:00:00,2005-11-16 12:00,2005,11,16,12:00,8.1,,1.9,,65.0,,,M,,M,,,99.44,,,,,,
2005-11-16 13:00:00,2005-11-16 13:00,2005,11,16,13:00,7.7,,1.7,,66.0,,,M,,M,,,99.47,,,,,,
2005-11-16 14:00:00,2005-11-16 14:00,2005,11,16,14:00,7.6,,1.3,,64.0,,,M,,M,,,99.53,,,,,,
2005-11-16 15:00:00,2005-11-16 15:00,2005,11,16,15:00,7.0,,1.5,,68.0,,,M,,M,,,99.62,,,,,,
2005-11-16 16:00:00,2005-11-16 16:00,2005,11,16,16:00,6.2,,0.8,,68.0,,,M,,M,,,99.75,,,,,,
2005-11-16 17:00:00,2005-11-16 17:00,2005,11,16,17:00,5.7,,0.2,,68.0,,,M,,M,,,99.84,,,,,,
2005-11-16 18:00:00,2005-11-16 18:00,2005,11,16,18:00,4.9,,-0.3,,69.0,,,M,,M,,,99.91,,,,,,
2005-11-16 19:00:00,2005-11-16 19:00,2005,11,16,19:00,4.3,,-0.2,,73.0,,,M,,M,,,99.95,,,,,,
2005-11-16 20:00:00,2005-11-16 20:00,2005,11,16,20:00,3.5,,-0.8,,73.0,,,M,,M,,,100.01,,,,,,
2005-11-16 21:00:00,2005-11-16 21:00,2005,11,16,21:00,2.8,,-2.2,,70.0,,,M,,M,,,100.06,,,,,,
2005-11-16 22:00:00,2005-11-16 22:00,2005,11,16,22:00,2.1,,-2.4,,72.0,,,M,,M,,,100.1,,,,,,
2005-11-16 23:00:00,2005-11-16 23:00,2005,11,16,23:00,1.6,,-3.9,,67.0,,,M,,M,,,100.12,,,,,,
2005-11-17 00:00:00,2005-11-17 00:00,2005,11,17,00:00,1.6,,-4.3,,65.0,,,M,,M,,,100.19,,,,,,
2005-11-17 01:00:00,2005-11-17 01:00,2005,11,17,01:00,1.5,,-4.3,,65.0,,,M,,M,,,100.25,,,,,,
2005-11-17 02:00:00,2005-11-17 02:00,2005,11,17,02:00,1.1,,-4.9,,64.0,,,M,,M,,,100.27,,,,,,
2005-11-17 03:00:00,2005-11-17 03:00,2005,11,17,03:00,0.4,,-5.4,,65.0,,,M,,M,,,100.31,,,,,,
2005-11-17 04:00:00,2005-11-17 04:00,2005,11,17,04:00,0.6,,-5.6,,63.0,,,M,,M,,,100.31,,,,,,
2005-11-17 05:00:00,2005-11-17 05:00,2005,11,17,05:00,0.4,,-5.5,,65.0,,,M,,M,,,100.34,,,,,,
2005-11-17 06:00:00,2005-11-17 06:00,2005,11,17,06:00,0.2,,-5.6,,65.0,,,M,,M,,,100.39,,,,,,
2005-11-17 07:00:00,2005-11-17 07:00,2005,11,17,07:00,0.1,,-5.7,,65.0,,,M,,M,,,100.44,,,,,,
2005-11-17 08:00:00,2005-11-17 08:00,2005,11,17,08:00,-0.3,,-5.7,,67.0,,,M,,M,,,100.5,,,,,,
2005-11-17 09:00:00,2005-11-17 09:00,2005,11,17,09:00,0.1,,-5.8,,64.0,,,M,,M,,,100.54,,,,,,
2005-11-17 10:00:00,2005-11-17 10:00,2005,11,17,10:00,0.2,,-5.7,,64.0,,,M,,M,,,100.56,,,,,,
2005-11-17 11:00:00,2005-11-17 11:00,2005,11,17,11:00,0.7,,-4.9,,66.0,,,M,,M,,,100.6,,,,,,
2005-11-17 12:00:00,2005-11-17 12:00,2005,11,17,12:00,1.2,,-4.4,,66.0,,,M,,M,,,100.56,,,,,,
2005-11-17 13:00:00,2005-11-17 13:00,2005,11,17,13:00,2.2,,-2.9,,69.0,,,M,,M,,,100.55,,,,,,
2005-11-17 14:00:00,2005-11-17 14:00,2005,11,17,14:00,3.1,,-2.9,,65.0,,,M,,M,,,100.58,,,,,,
2005-11-17 15:00:00,2005-11-17 15:00,2005,11,17,15:00,2.7,,-4.7,,58.0,,,M,,M,,,100.7,,,,,,
2005-11-17 16:00:00,2005-11-17 16:00,2005,11,17,16:00,2.4,,-5.0,,58.0,,,M,,M,,,100.78,,,,,,
2005-11-17 17:00:00,2005-11-17 17:00,2005,11,17,17:00,0.8,,-5.4,,63.0,,,M,,M,,,100.91,,,,,,
2005-11-17 18:00:00,2005-11-17 18:00,2005,11,17,18:00,0.2,,-6.5,,61.0,,,M,,M,,,101.01,,,,,,
2005-11-17 19:00:00,2005-11-17 19:00,2005,11,17,19:00,-0.4,,-8.1,,56.0,,,M,,M,,,101.09,,,,,,
2005-11-17 20:00:00,2005-11-17 20:00,2005,11,17,20:00,-0.8,,-8.4,,56.0,,,M,,M,,,101.12,,,,,,
2005-11-17 21:00:00,2005-11-17 21:00,2005,11,17,21:00,-1.2,,-8.3,,58.0,,,M,,M,,,101.16,,,,,,
2005-11-17 22:00:00,2005-11-17 22:00,2005,11,17,22:00,-1.8,,-7.6,,65.0,,,M,,M,,,101.2,,,,,,
2005-11-17 23:00:00,2005-11-17 23:00,2005,11,17,23:00,-2.2,,-6.9,,70.0,,,M,,M,,,101.22,,,,,,
2005-11-18 00:00:00,2005-11-18 00:00,2005,11,18,00:00,-2.4,,-7.0,,71.0,,,M,,M,,,101.2,,,,,,
2005-11-18 01:00:00,2005-11-18 01:00,2005,11,18,01:00,-2.8,,-7.0,,73.0,,,M,,M,,,101.24,,,,,,
2005-11-18 02:00:00,2005-11-18 02:00,2005,11,18,02:00,-2.9,,-7.6,,70.0,,,M,,M,,,101.27,,,,,,
2005-11-18 03:00:00,2005-11-18 03:00,2005,11,18,03:00,-3.1,,-7.6,,71.0,,,M,,M,,,101.28,,,,,,
2005-11-18 04:00:00,2005-11-18 04:00,2005,11,18,04:00,-3.4,,-7.6,,73.0,,,M,,M,,,101.26,,,,,,
2005-11-18 05:00:00,2005-11-18 05:00,2005,11,18,05:00,-3.5,,-7.0,,77.0,,,M,,M,,,101.25,,,,,,
2005-11-18 06:00:00,2005-11-18 06:00,2005,11,18,06:00,-2.9,,-6.0,,79.0,,,M,,M,,,101.23,,,,,,
2005-11-18 07:00:00,2005-11-18 07:00,2005,11,18,07:00,-2.6,,-5.4,,81.0,,,M,,M,,,101.25,,,,,,
2005-11-18 08:00:00,2005-11-18 08:00,2005,11,18,08:00,-2.7,,-5.9,,79.0,,,M,,M,,,101.26,,,,,,
2005-11-18 09:00:00,2005-11-18 09:00,2005,11,18,09:00,-2.5,,-7.2,,70.0,,,M,,M,,,101.27,,,,,,
2005-11-18 10:00:00,2005-11-18 10:00,2005,11,18,10:00,-2.1,,-7.9,,64.0,,,M,,M,,,101.23,,,,,,
2005-11-18 11:00:00,2005-11-18 11:00,2005,11,18,11:00,-1.8,,-8.8,,59.0,,,M,,M,,,101.14,,,,,,
2005-11-18 12:00:00,2005-11-18 12:00,2005,11,18,12:00,-1.8,,-8.9,,58.0,,,M,,M,,,101.07,,,,,,
2005-11-18 13:00:00,2005-11-18 13:00,2005,11,18,13:00,-1.8,,-7.8,,64.0,,,M,,M,,,100.96,,,,,,
2005-11-18 14:00:00,2005-11-18 14:00,2005,11,18,14:00,-2.3,,-4.6,,84.0,,,M,,M,,,100.89,,,,,,
2005-11-18 15:00:00,2005-11-18 15:00,2005,11,18,15:00,-2.4,,-4.3,,87.0,,,M,,M,,,100.86,,,,,,
2005-11-18 16:00:00,2005-11-18 16:00,2005,11,18,16:00,-2.1,,-3.8,,88.0,,,M,,M,,,100.81,,,,,,
2005-11-18 17:00:00,2005-11-18 17:00,2005,11,18,17:00,-1.5,,-2.8,,91.0,,,M,,M,,,100.79,,,,,,
2005-11-18 18:00:00,2005-11-18 18:00,2005,11,18,18:00,-1.1,,-2.9,,88.0,,,M,,M,,,100.81,,,,,,
2005-11-18 19:00:00,2005-11-18 19:00,2005,11,18,19:00,-1.0,,-3.3,,84.0,,,M,,M,,,100.79,,,,,,
2005-11-18 20:00:00,2005-11-18 20:00,2005,11,18,20:00,-0.4,,-2.5,,86.0,,,M,,M,,,100.8,,,,,,
2005-11-18 21:00:00,2005-11-18 21:00,2005,11,18,21:00,0.1,,-2.3,,84.0,,,M,,M,,,100.77,,,,,,
2005-11-18 22:00:00,2005-11-18 22:00,2005,11,18,22:00,0.3,,-2.3,,83.0,,,M,,M,,,100.74,,,,,,
2005-11-18 23:00:00,2005-11-18 23:00,2005,11,18,23:00,0.6,,-3.2,,76.0,,,M,,M,,,100.72,,,,,,
2005-11-19 00:00:00,2005-11-19 00:00,2005,11,19,00:00,0.5,,-3.7,,73.0,,,M,,M,,,100.74,,,,,,
2005-11-19 01:00:00,2005-11-19 01:00,2005,11,19,01:00,0.4,,-3.7,,74.0,,,M,,M,,,100.7,,,,,,
2005-11-19 02:00:00,2005-11-19 02:00,2005,11,19,02:00,0.9,,-3.4,,73.0,,,M,,M,,,100.71,,,,,,
2005-11-19 03:00:00,2005-11-19 03:00,2005,11,19,03:00,0.9,,-3.6,,72.0,,,M,,M,,,100.72,,,,,,
2005-11-19 04:00:00,2005-11-19 04:00,2005,11,19,04:00,1.6,,-3.0,,71.0,,,M,,M,,,100.71,,,,,,
2005-11-19 05:00:00,2005-11-19 05:00,2005,11,19,05:00,1.9,,-3.1,,69.0,,,M,,M,,,100.74,,,,,,
2005-11-19 06:00:00,2005-11-19 06:00,2005,11,19,06:00,1.8,,-3.1,,70.0,,,M,,M,,,100.75,,,,,,
2005-11-19 07:00:00,2005-11-19 07:00,2005,11,19,07:00,2.4,,-3.0,,67.0,,,M,,M,,,100.76,,,,,,
2005-11-19 08:00:00,2005-11-19 08:00,2005,11,19,08:00,2.8,,-2.0,,71.0,,,M,,M,,,100.74,,,,,,
2005-11-19 09:00:00,2005-11-19 09:00,2005,11,19,09:00,3.3,,-2.1,,68.0,,,M,,M,,,100.76,,,,,,
2005-11-19 10:00:00,2005-11-19 10:00,2005,11,19,10:00,3.9,,-1.1,,70.0,,,M,,M,,,100.73,,,,,,
2005-11-19 11:00:00,2005-11-19 11:00,2005,11,19,11:00,5.4,,0.8,,72.0,,,M,,M,,,100.71,,,,,,
2005-11-19 12:00:00,2005-11-19 12:00,2005,11,19,12:00,6.2,,2.4,,77.0,,,M,,M,,,100.65,,,,,,
2005-11-19 13:00:00,2005-11-19 13:00,2005,11,19,13:00,6.8,,1.6,,69.0,,,M,,M,,,100.6,,,,,,
2005-11-19 14:00:00,2005-11-19 14:00,2005,11,19,14:00,7.4,,1.7,,67.0,,,M,,M,,,100.56,,,,,,
2005-11-19 15:00:00,2005-11-19 15:00,2005,11,19,15:00,7.4,,1.9,,68.0,,,M,,M,,,100.53,,,,,,
2005-11-19 16:00:00,2005-11-19 16:00,2005,11,19,16:00,7.2,,1.8,,69.0,,,M,,M,,,100.5,,,,,,
2005-11-19 17:00:00,2005-11-19 17:00,2005,11,19,17:00,6.8,,1.8,,70.0,,,M,,M,,,100.5,,,,,,
2005-11-19 18:00:00,2005-11-19 18:00,2005,11,19,18:00,6.8,,1.6,,69.0,,,M,,M,,,100.48,,,,,,
2005-11-19 19:00:00,2005-11-19 19:00,2005,11,19,19:00,6.5,,2.3,,74.0,,,M,,M,,,100.44,,,,,,
2005-11-19 20:00:00,2005-11-19 20:00,2005,11,19,20:00,6.3,,2.1,,74.0,,,M,,M,,,100.42,,,,,,
2005-11-19 21:00:00,2005-11-19 21:00,2005,11,19,21:00,6.1,,2.9,,80.0,,,M,,M,,,100.4,,,,,,
2005-11-19 22:00:00,2005-11-19 22:00,2005,11,19,22:00,7.0,,1.8,,69.0,,,M,,M,,,100.41,,,,,,
2005-11-19 23:00:00,2005-11-19 23:00,2005,11,19,23:00,6.9,,1.4,,68.0,,,M,,M,,,100.45,,,,,,
2005-11-20 00:00:00,2005-11-20 00:00,2005,11,20,00:00,6.7,,1.7,,70.0,,,M,,M,,,100.45,,,,,,
2005-11-20 01:00:00,2005-11-20 01:00,2005,11,20,01:00,6.3,,1.6,,72.0,,,M,,M,,,100.44,,,,,,
2005-11-20 02:00:00,2005-11-20 02:00,2005,11,20,02:00,5.6,,2.2,,79.0,,,M,,M,,,100.44,,,,,,
2005-11-20 03:00:00,2005-11-20 03:00,2005,11,20,03:00,5.3,,2.7,,83.0,,,M,,M,,,100.47,,,,,,
2005-11-20 04:00:00,2005-11-20 04:00,2005,11,20,04:00,5.3,,1.1,,74.0,,,M,,M,,,100.47,,,,,,
2005-11-20 05:00:00,2005-11-20 05:00,2005,11,20,05:00,5.5,,-0.1,,67.0,,,M,,M,,,100.46,,,,,,
2005-11-20 06:00:00,2005-11-20 06:00,2005,11,20,06:00,5.2,,-0.4,,67.0,,,M,,M,,,100.46,,,,,,
2005-11-20 07:00:00,2005-11-20 07:00,2005,11,20,07:00,4.7,,-0.8,,67.0,,,M,,M,,,100.48,,,,,,
2005-11-20 08:00:00,2005-11-20 08:00,2005,11,20,08:00,4.7,,-0.5,,69.0,,,M,,M,,,100.49,,,,,,
2005-11-20 09:00:00,2005-11-20 09:00,2005,11,20,09:00,5.9,,0.0,,66.0,,,M,,M,,,100.51,,,,,,
2005-11-20 10:00:00,2005-11-20 10:00,2005,11,20,10:00,7.2,,1.3,,66.0,,,M,,M,,,100.47,,,,,,
2005-11-20 11:00:00,2005-11-20 11:00,2005,11,20,11:00,8.6,,1.6,,61.0,,,M,,M,,,100.48,,,,,,
2005-11-20 12:00:00,2005-11-20 12:00,2005,11,20,12:00,9.4,,2.6,,62.0,,,M,,M,,,100.43,,,,,,
2005-11-20 13:00:00,2005-11-20 13:00,2005,11,20,13:00,9.9,,2.6,,60.0,,,M,,M,,,100.39,,,,,,
2005-11-20 14:00:00,2005-11-20 14:00,2005,11,20,14:00,10.0,,2.6,,60.0,,,M,,M,,,100.31,,,,,,
2005-11-20 15:00:00,2005-11-20 15:00,2005,11,20,15:00,10.6,,2.5,,57.0,,,M,,M,,,100.27,,,,,,
2005-11-20 16:00:00,2005-11-20 16:00,2005,11,20,16:00,10.7,,2.5,,57.0,,,M,,M,,,100.26,,,,,,
2005-11-20 17:00:00,2005-11-20 17:00,2005,11,20,17:00,10.2,,2.8,,60.0,,,M,,M,,,100.26,,,,,,
2005-11-20 18:00:00,2005-11-20 18:00,2005,11,20,18:00,9.7,,2.9,,63.0,,,M,,M,,,100.25,,,,,,
2005-11-20 19:00:00,2005-11-20 19:00,2005,11,20,19:00,8.7,,3.8,,71.0,,,M,,M,,,100.23,,,,,,
2005-11-20 20:00:00,2005-11-20 20:00,2005,11,20,20:00,8.1,,3.7,,74.0,,,M,,M,,,100.22,,,,,,
2005-11-20 21:00:00,2005-11-20 21:00,2005,11,20,21:00,7.8,,3.2,,73.0,,,M,,M,,,100.18,,,,,,
2005-11-20 22:00:00,2005-11-20 22:00,2005,11,20,22:00,7.5,,2.8,,72.0,,,M,,M,,,100.15,,,,,,
2005-11-20 23:00:00,2005-11-20 23:00,2005,11,20,23:00,7.2,,2.5,,72.0,,,M,,M,,,100.08,,,,,,
2005-11-21 00:00:00,2005-11-21 00:00,2005,11,21,00:00,6.1,,2.3,,77.0,,,M,,M,,,100.01,,,,,,
2005-11-21 01:00:00,2005-11-21 01:00,2005,11,21,01:00,5.8,,2.5,,79.0,,,M,,M,,,99.95,,,,,,
2005-11-21 02:00:00,2005-11-21 02:00,2005,11,21,02:00,5.4,,1.6,,76.0,,,M,,M,,,99.91,,,,,,
2005-11-21 03:00:00,2005-11-21 03:00,2005,11,21,03:00,5.2,,1.7,,78.0,,,M,,M,,,99.87,,,,,,
2005-11-21 04:00:00,2005-11-21 04:00,2005,11,21,04:00,5.5,,1.9,,78.0,,,M,,M,,,99.74,,,,,,
2005-11-21 05:00:00,2005-11-21 05:00,2005,11,21,05:00,4.9,,2.3,,83.0,,,M,,M,,,99.66,,,,,,
2005-11-21 06:00:00,2005-11-21 06:00,2005,11,21,06:00,4.6,,2.2,,84.0,,,M,,M,,,99.62,,,,,,
2005-11-21 07:00:00,2005-11-21 07:00,2005,11,21,07:00,4.9,,2.2,,83.0,,,M,,M,,,99.63,,,,,,
2005-11-21 08:00:00,2005-11-21 08:00,2005,11,21,08:00,5.4,,2.4,,81.0,,,M,,M,,,99.6,,,,,,
2005-11-21 09:00:00,2005-11-21 09:00,2005,11,21,09:00,5.9,,2.7,,80.0,,,M,,M,,,99.57,,,,,,
2005-11-21 10:00:00,2005-11-21 10:00,2005,11,21,10:00,6.4,,3.2,,80.0,,,M,,M,,,99.53,,,,,,
2005-11-21 11:00:00,2005-11-21 11:00,2005,11,21,11:00,7.2,,2.9,,74.0,,,M,,M,,,99.46,,,,,,
2005-11-21 12:00:00,2005-11-21 12:00,2005,11,21,12:00,7.0,,1.9,,70.0,,,M,,M,,,99.36,,,,,,
2005-11-21 13:00:00,2005-11-21 13:00,2005,11,21,13:00,6.9,,1.9,,70.0,,,M,,M,,,99.3,,,,,,
2005-11-21 14:00:00,2005-11-21 14:00,2005,11,21,14:00,6.5,,1.9,,72.0,,,M,,M,,,99.25,,,,,,
2005-11-21 15:00:00,2005-11-21 15:00,2005,11,21,15:00,6.0,,1.6,,73.0,,,M,,M,,,99.2,,,,,,
2005-11-21 16:00:00,2005-11-21 16:00,2005,11,21,16:00,6.0,,1.9,,75.0,,,M,,M,,,99.2,,,,,,
2005-11-21 17:00:00,2005-11-21 17:00,2005,11,21,17:00,5.9,,2.6,,79.0,,,M,,M,,,99.16,,,,,,
2005-11-21 18:00:00,2005-11-21 18:00,2005,11,21,18:00,4.9,,3.3,,89.0,,,M,,M,,,99.11,,,,,,
2005-11-21 19:00:00,2005-11-21 19:00,2005,11,21,19:00,4.9,,3.1,,88.0,,,M,,M,,,99.07,,,,,,
2005-11-21 20:00:00,2005-11-21 20:00,2005,11,21,20:00,5.0,,3.0,,87.0,,,M,,M,,,99.03,,,,,,
2005-11-21 21:00:00,2005-11-21 21:00,2005,11,21,21:00,4.9,,3.0,,87.0,,,M,,M,,,98.95,,,,,,
2005-11-21 22:00:00,2005-11-21 22:00,2005,11,21,22:00,4.9,,3.2,,89.0,,,M,,M,,,98.86,,,,,,
2005-11-21 23:00:00,2005-11-21 23:00,2005,11,21,23:00,4.9,,3.3,,89.0,,,M,,M,,,98.78,,,,,,
2005-11-22 00:00:00,2005-11-22 00:00,2005,11,22,00:00,4.9,,3.0,,87.0,,,M,,M,,,98.74,,,,,,
2005-11-22 01:00:00,2005-11-22 01:00,2005,11,22,01:00,5.0,,2.8,,86.0,,,M,,M,,,98.6,,,,,,
2005-11-22 02:00:00,2005-11-22 02:00,2005,11,22,02:00,5.0,,2.8,,86.0,,,M,,M,,,98.57,,,,,,
2005-11-22 03:00:00,2005-11-22 03:00,2005,11,22,03:00,5.2,,2.9,,85.0,,,M,,M,,,98.52,,,,,,
2005-11-22 04:00:00,2005-11-22 04:00,2005,11,22,04:00,4.0,,1.4,,83.0,,,M,,M,,,98.48,,,,,,
2005-11-22 05:00:00,2005-11-22 05:00,2005,11,22,05:00,3.1,,-0.1,,79.0,,,M,,M,,,98.49,,,,,,
2005-11-22 06:00:00,2005-11-22 06:00,2005,11,22,06:00,2.5,,-1.2,,77.0,,,M,,M,,,98.57,,,,,,
2005-11-22 07:00:00,2005-11-22 07:00,2005,11,22,07:00,1.6,,-2.9,,72.0,,,M,,M,,,98.65,,,,,,
2005-11-22 08:00:00,2005-11-22 08:00,2005,11,22,08:00,0.7,,-3.5,,73.0,,,M,,M,,,98.67,,,,,,
2005-11-22 09:00:00,2005-11-22 09:00,2005,11,22,09:00,0.8,,-4.1,,70.0,,,M,,M,,,98.68,,,,,,
2005-11-22 10:00:00,2005-11-22 10:00,2005,11,22,10:00,0.7,,-5.9,,61.0,,,M,,M,,,98.67,,,,,,
2005-11-22 11:00:00,2005-11-22 11:00,2005,11,22,11:00,0.9,,-5.5,,62.0,,,M,,M,,,98.66,,,,,,
2005-11-22 12:00:00,2005-11-22 12:00,2005,11,22,12:00,-0.2,,-7.5,,58.0,,,M,,M,,,98.62,,,,,,
2005-11-22 13:00:00,2005-11-22 13:00,2005,11,22,13:00,-0.1,,-7.6,,57.0,,,M,,M,,,98.56,,,,,,
2005-11-22 14:00:00,2005-11-22 14:00,2005,11,22,14:00,-0.9,,-9.1,,54.0,,,M,,M,,,98.54,,,,,,
2005-11-22 15:00:00,2005-11-22 15:00,2005,11,22,15:00,-1.0,,-8.7,,56.0,,,M,,M,,,98.54,,,,,,
2005-11-22 16:00:00,2005-11-22 16:00,2005,11,22,16:00,-2.0,,-8.9,,59.0,,,M,,M,,,98.62,,,,,,
2005-11-22 17:00:00,2005-11-22 17:00,2005,11,22,17:00,-2.7,,-9.2,,61.0,,,M,,M,,,98.68,,,,,,
2005-11-22 18:00:00,2005-11-22 18:00,2005,11,22,18:00,-2.9,,-9.3,,61.0,,,M,,M,,,98.76,,,,,,
2005-11-22 19:00:00,2005-11-22 19:00,2005,11,22,19:00,-3.4,,-10.4,,58.0,,,M,,M,,,98.82,,,,,,
2005-11-22 20:00:00,2005-11-22 20:00,2005,11,22,20:00,-4.0,,-11.6,,55.0,,,M,,M,,,98.86,,,,,,
2005-11-22 21:00:00,2005-11-22 21:00,2005,11,22,21:00,-4.8,,-12.1,,57.0,,,M,,M,,,98.9,,,,,,
2005-11-22 22:00:00,2005-11-22 22:00,2005,11,22,22:00,-5.1,,-12.1,,58.0,,,M,,M,,,98.92,,,,,,
2005-11-22 23:00:00,2005-11-22 23:00,2005,11,22,23:00,-5.3,,-11.7,,61.0,,,M,,M,,,98.94,,,,,,
2005-11-23 00:00:00,2005-11-23 00:00,2005,11,23,00:00,-5.6,,-11.8,,62.0,,,M,,M,,,98.97,,,,,,
2005-11-23 01:00:00,2005-11-23 01:00,2005,11,23,01:00,-5.9,,-11.7,,64.0,,,M,,M,,,99.01,,,,,,
2005-11-23 02:00:00,2005-11-23 02:00,2005,11,23,02:00,-5.9,,-11.7,,64.0,,,M,,M,,,99.05,,,,,,
2005-11-23 03:00:00,2005-11-23 03:00,2005,11,23,03:00,-6.1,,-11.9,,63.0,,,M,,M,,,99.05,,,,,,
2005-11-23 04:00:00,2005-11-23 04:00,2005,11,23,04:00,-5.7,,-10.1,,71.0,,,M,,M,,,99.02,,,,,,
2005-11-23 05:00:00,2005-11-23 05:00,2005,11,23,05:00,-6.4,,-9.9,,76.0,,,M,,M,,,99.0,,,,,,
2005-11-23 06:00:00,2005-11-23 06:00,2005,11,23,06:00,-6.7,,-9.7,,79.0,,,M,,M,,,99.0,,,,,,
2005-11-23 07:00:00,2005-11-23 07:00,2005,11,23,07:00,-6.7,,-9.8,,79.0,,,M,,M,,,98.98,,,,,,
2005-11-23 08:00:00,2005-11-23 08:00,2005,11,23,08:00,-6.7,,-10.5,,74.0,,,M,,M,,,98.99,,,,,,
2005-11-23 09:00:00,2005-11-23 09:00,2005,11,23,09:00,-5.4,,-11.0,,65.0,,,M,,M,,,98.99,,,,,,
2005-11-23 10:00:00,2005-11-23 10:00,2005,11,23,10:00,-3.9,,-10.9,,58.0,,,M,,M,,,98.93,,,,,,
2005-11-23 11:00:00,2005-11-23 11:00,2005,11,23,11:00,-2.6,,-10.2,,56.0,,,M,,M,,,98.85,,,,,,
2005-11-23 12:00:00,2005-11-23 12:00,2005,11,23,12:00,-2.0,,-9.9,,55.0,,,M,,M,,,98.75,,,,,,
2005-11-23 13:00:00,2005-11-23 13:00,2005,11,23,13:00,-1.6,,-10.1,,52.0,,,M,,M,,,98.63,,,,,,
2005-11-23 14:00:00,2005-11-23 14:00,2005,11,23,14:00,-2.2,,-10.0,,55.0,,,M,,M,,,98.5,,,,,,
2005-11-23 15:00:00,2005-11-23 15:00,2005,11,23,15:00,-2.0,,-8.8,,60.0,,,M,,M,,,98.42,,,,,,
2005-11-23 16:00:00,2005-11-23 16:00,2005,11,23,16:00,-1.9,,-7.7,,64.0,,,M,,M,,,98.35,,,,,,
2005-11-23 17:00:00,2005-11-23 17:00,2005,11,23,17:00,-1.2,,-7.0,,65.0,,,M,,M,,,98.25,,,,,,
2005-11-23 18:00:00,2005-11-23 18:00,2005,11,23,18:00,-0.5,,-5.4,,69.0,,,M,,M,,,98.17,,,,,,
2005-11-23 19:00:00,2005-11-23 19:00,2005,11,23,19:00,0.1,,-4.3,,72.0,,,M,,M,,,98.07,,,,,,
2005-11-23 20:00:00,2005-11-23 20:00,2005,11,23,20:00,0.1,,-3.9,,74.0,,,M,,M,,,97.95,,,,,,
2005-11-23 21:00:00,2005-11-23 21:00,2005,11,23,21:00,0.2,,-4.8,,69.0,,,M,,M,,,97.83,,,,,,
2005-11-23 22:00:00,2005-11-23 22:00,2005,11,23,22:00,-0.5,,-2.1,,89.0,,,M,,M,,,97.68,,,,,,
2005-11-23 23:00:00,2005-11-23 23:00,2005,11,23,23:00,-0.4,,-1.5,,92.0,,,M,,M,,,97.53,,,,,,
2005-11-24 00:00:00,2005-11-24 00:00,2005,11,24,00:00,-0.7,,-1.2,,96.0,,,M,,M,,,97.35,,,,,,
2005-11-24 01:00:00,2005-11-24 01:00,2005,11,24,01:00,-0.2,,-0.7,,96.0,,,M,,M,,,97.19,,,,,,
2005-11-24 02:00:00,2005-11-24 02:00,2005,11,24,02:00,0.1,,-0.3,,97.0,,,M,,M,,,97.04,,,,,,
2005-11-24 03:00:00,2005-11-24 03:00,2005,11,24,03:00,0.6,,0.3,,98.0,,,M,,M,,,96.91,,,,,,
2005-11-24 04:00:00,2005-11-24 04:00,2005,11,24,04:00,0.6,,0.3,,98.0,,,M,,M,,,96.79,,,,,,
2005-11-24 05:00:00,2005-11-24 05:00,2005,11,24,05:00,1.2,,1.0,,99.0,,,M,,M,,,96.73,,,,,,
2005-11-24 06:00:00,2005-11-24 06:00,2005,11,24,06:00,-0.4,,-3.6,,79.0,,,M,,M,,,96.85,,,,,,
2005-11-24 07:00:00,2005-11-24 07:00,2005,11,24,07:00,-1.8,,-5.2,,78.0,,,M,,M,,,97.02,,,,,,
2005-11-24 08:00:00,2005-11-24 08:00,2005,11,24,08:00,-3.2,,-8.7,,66.0,,,M,,M,,,97.2,,,,,,
2005-11-24 09:00:00,2005-11-24 09:00,2005,11,24,09:00,-4.1,,-10.1,,63.0,,,M,,M,,,97.34,,,,,,
2005-11-24 10:00:00,2005-11-24 10:00,2005,11,24,10:00,-4.2,,-10.6,,61.0,,,M,,M,,,97.49,,,,,,
2005-11-24 11:00:00,2005-11-24 11:00,2005,11,24,11:00,-4.1,,-9.9,,64.0,,,M,,M,,,97.66,,,,,,
2005-11-24 12:00:00,2005-11-24 12:00,2005,11,24,12:00,-5.6,,-8.5,,80.0,,,M,,M,,,97.77,,,,,,
2005-11-24 13:00:00,2005-11-24 13:00,2005,11,24,13:00,-5.6,,-10.8,,67.0,,,M,,M,,,97.94,,,,,,
2005-11-24 14:00:00,2005-11-24 14:00,2005,11,24,14:00,-6.7,,-11.6,,68.0,,,M,,M,,,98.12,,,,,,
2005-11-24 15:00:00,2005-11-24 15:00,2005,11,24,15:00,-6.7,,-13.9,,57.0,,,M,,M,,,98.29,,,,,,
2005-11-24 16:00:00,2005-11-24 16:00,2005,11,24,16:00,-7.1,,-11.5,,71.0,,,M,,M,,,98.42,,,,,,
2005-11-24 17:00:00,2005-11-24 17:00,2005,11,24,17:00,-7.5,,-11.4,,74.0,,,M,,M,,,98.53,,,,,,
2005-11-24 18:00:00,2005-11-24 18:00,2005,11,24,18:00,-8.1,,-9.2,,92.0,,,M,,M,,,98.6,,,,,,
2005-11-24 19:00:00,2005-11-24 19:00,2005,11,24,19:00,-8.6,,-9.7,,92.0,,,M,,M,,,98.65,,,,,,
2005-11-24 20:00:00,2005-11-24 20:00,2005,11,24,20:00,-8.3,,-11.3,,79.0,,,M,,M,,,98.66,,,,,,
2005-11-24 21:00:00,2005-11-24 21:00,2005,11,24,21:00,-8.4,,-11.7,,77.0,,,M,,M,,,98.67,,,,,,
2005-11-24 22:00:00,2005-11-24 22:00,2005,11,24,22:00,-9.0,,-10.8,,87.0,,,M,,M,,,98.68,,,,,,
2005-11-24 23:00:00,2005-11-24 23:00,2005,11,24,23:00,-8.7,,-10.0,,90.0,,,M,,M,,,98.8,,,,,,
2005-11-25 00:00:00,2005-11-25 00:00,2005,11,25,00:00,-9.9,,-14.1,,71.0,,,M,,M,,,98.96,,,,,,
2005-11-25 01:00:00,2005-11-25 01:00,2005,11,25,01:00,-10.1,,-14.1,,72.0,,,M,,M,,,99.06,,,,,,
2005-11-25 02:00:00,2005-11-25 02:00,2005,11,25,02:00,-10.7,,-14.3,,75.0,,,M,,M,,,99.2,,,,,,
2005-11-25 03:00:00,2005-11-25 03:00,2005,11,25,03:00,-11.0,,-14.3,,77.0,,,M,,M,,,99.37,,,,,,
2005-11-25 04:00:00,2005-11-25 04:00,2005,11,25,04:00,-10.8,,-13.6,,80.0,,,M,,M,,,99.52,,,,,,
2005-11-25 05:00:00,2005-11-25 05:00,2005,11,25,05:00,-9.9,,-12.2,,83.0,,,M,,M,,,99.63,,,,,,
2005-11-25 06:00:00,2005-11-25 06:00,2005,11,25,06:00,-8.8,,-10.9,,85.0,,,M,,M,,,99.7,,,,,,
2005-11-25 07:00:00,2005-11-25 07:00,2005,11,25,07:00,-8.4,,-10.1,,88.0,,,M,,M,,,99.83,,,,,,
2005-11-25 08:00:00,2005-11-25 08:00,2005,11,25,08:00,-7.0,,-8.6,,88.0,,,M,,M,,,99.95,,,,,,
2005-11-25 09:00:00,2005-11-25 09:00,2005,11,25,09:00,-5.1,,-7.4,,84.0,,,M,,M,,,100.04,,,,,,
2005-11-25 10:00:00,2005-11-25 10:00,2005,11,25,10:00,-3.6,,-7.4,,75.0,,,M,,M,,,100.15,,,,,,
2005-11-25 11:00:00,2005-11-25 11:00,2005,11,25,11:00,-2.0,,-6.6,,71.0,,,M,,M,,,100.2,,,,,,
2005-11-25 12:00:00,2005-11-25 12:00,2005,11,25,12:00,-1.1,,-6.7,,66.0,,,M,,M,,,100.26,,,,,,
2005-11-25 13:00:00,2005-11-25 13:00,2005,11,25,13:00,-0.3,,-6.8,,61.0,,,M,,M,,,100.33,,,,,,
2005-11-25 14:00:00,2005-11-25 14:00,2005,11,25,14:00,-0.6,,-7.1,,61.0,,,M,,M,,,100.41,,,,,,
2005-11-25 15:00:00,2005-11-25 15:00,2005,11,25,15:00,-1.1,,-7.2,,63.0,,,M,,M,,,100.52,,,,,,
2005-11-25 16:00:00,2005-11-25 16:00,2005,11,25,16:00,-1.2,,-6.9,,65.0,,,M,,M,,,100.58,,,,,,
2005-11-25 17:00:00,2005-11-25 17:00,2005,11,25,17:00,-1.6,,-7.1,,66.0,,,M,,M,,,100.62,,,,,,
2005-11-25 18:00:00,2005-11-25 18:00,2005,11,25,18:00,-2.5,,-7.5,,68.0,,,M,,M,,,100.72,,,,,,
2005-11-25 19:00:00,2005-11-25 19:00,2005,11,25,19:00,-2.9,,-7.6,,70.0,,,M,,M,,,100.75,,,,,,
2005-11-25 20:00:00,2005-11-25 20:00,2005,11,25,20:00,-3.4,,-7.6,,73.0,,,M,,M,,,100.83,,,,,,
2005-11-25 21:00:00,2005-11-25 21:00,2005,11,25,21:00,-3.5,,-8.0,,71.0,,,M,,M,,,100.86,,,,,,
2005-11-25 22:00:00,2005-11-25 22:00,2005,11,25,22:00,-3.7,,-7.1,,77.0,,,M,,M,,,100.85,,,,,,
2005-11-25 23:00:00,2005-11-25 23:00,2005,11,25,23:00,-3.6,,-5.5,,87.0,,,M,,M,,,100.82,,,,,,
2005-11-26 00:00:00,2005-11-26 00:00,2005,11,26,00:00,-3.8,,-5.9,,85.0,,,M,,M,,,100.78,,,,,,
2005-11-26 01:00:00,2005-11-26 01:00,2005,11,26,01:00,-4.3,,-6.0,,88.0,,,M,,M,,,100.75,,,,,,
2005-11-26 02:00:00,2005-11-26 02:00,2005,11,26,02:00,-4.1,,-5.7,,89.0,,,M,,M,,,100.75,,,,,,
2005-11-26 03:00:00,2005-11-26 03:00,2005,11,26,03:00,-4.0,,-6.0,,86.0,,,M,,M,,,100.77,,,,,,
2005-11-26 04:00:00,2005-11-26 04:00,2005,11,26,04:00,-3.7,,-5.9,,85.0,,,M,,M,,,100.76,,,,,,
2005-11-26 05:00:00,2005-11-26 05:00,2005,11,26,05:00,,,,,,,,,,,,,,,,,,,
2005-11-26 06:00:00,2005-11-26 06:00,2005,11,26,06:00,,,,,,,,,,,,,,,,,,,
2005-11-26 07:00:00,2005-11-26 07:00,2005,11,26,07:00,,,,,,,,,,,,,,,,,,,
2005-11-26 08:00:00,2005-11-26 08:00,2005,11,26,08:00,,,,,,,,,,,,,,,,,,,
2005-11-26 09:00:00,2005-11-26 09:00,2005,11,26,09:00,,,,,,,,,,,,,,,,,,,
2005-11-26 10:00:00,2005-11-26 10:00,2005,11,26,10:00,-3.2,,-5.4,,85.0,,,M,,M,,,100.78,,,,,,
2005-11-26 11:00:00,2005-11-26 11:00,2005,11,26,11:00,-3.0,,-5.0,,86.0,,,M,,M,,,100.76,,,,,,
2005-11-26 12:00:00,2005-11-26 12:00,2005,11,26,12:00,-2.9,,-4.6,,88.0,,,M,,M,,,100.73,,,,,,
2005-11-26 13:00:00,2005-11-26 13:00,2005,11,26,13:00,-2.3,,-4.3,,86.0,,,M,,M,,,100.67,,,,,,
2005-11-26 14:00:00,2005-11-26 14:00,2005,11,26,14:00,-2.2,,-4.6,,84.0,,,M,,M,,,100.65,,,,,,
2005-11-26 15:00:00,2005-11-26 15:00,2005,11,26,15:00,-1.9,,-5.0,,79.0,,,M,,M,,,100.66,,,,,,
2005-11-26 16:00:00,2005-11-26 16:00,2005,11,26,16:00,-1.8,,-5.3,,77.0,,,M,,M,,,100.65,,,,,,
2005-11-26 17:00:00,2005-11-26 17:00,2005,11,26,17:00,-1.4,,-4.6,,79.0,,,M,,M,,,100.71,,,,,,
2005-11-26 18:00:00,2005-11-26 18:00,2005,11,26,18:00,-1.3,,-4.2,,81.0,,,M,,M,,,100.76,,,,,,
2005-11-26 19:00:00,2005-11-26 19:00,2005,11,26,19:00,-1.0,,-3.5,,83.0,,,M,,M,,,100.81,,,,,,
2005-11-26 20:00:00,2005-11-26 20:00,2005,11,26,20:00,-0.8,,-2.9,,86.0,,,M,,M,,,100.79,,,,,,
2005-11-26 21:00:00,2005-11-26 21:00,2005,11,26,21:00,-0.6,,-2.5,,87.0,,,M,,M,,,100.81,,,,,,
2005-11-26 22:00:00,2005-11-26 22:00,2005,11,26,22:00,-1.2,,-3.4,,85.0,,,M,,M,,,100.82,,,,,,
2005-11-26 23:00:00,2005-11-26 23:00,2005,11,26,23:00,-1.3,,-3.4,,86.0,,,M,,M,,,100.86,,,,,,
2005-11-27 00:00:00,2005-11-27 00:00,2005,11,27,00:00,-1.3,,-3.3,,86.0,,,M,,M,,,100.82,,,,,,
2005-11-27 01:00:00,2005-11-27 01:00,2005,11,27,01:00,-1.1,,-3.0,,87.0,,,M,,M,,,100.85,,,,,,
2005-11-27 02:00:00,2005-11-27 02:00,2005,11,27,02:00,-1.2,,-2.9,,88.0,,,M,,M,,,100.84,,,,,,
2005-11-27 03:00:00,2005-11-27 03:00,2005,11,27,03:00,-1.1,,-3.0,,87.0,,,M,,M,,,100.84,,,,,,
2005-11-27 04:00:00,2005-11-27 04:00,2005,11,27,04:00,-1.2,,-2.9,,88.0,,,M,,M,,,100.8,,,,,,
2005-11-27 05:00:00,2005-11-27 05:00,2005,11,27,05:00,-0.6,,-1.8,,92.0,,,M,,M,,,100.79,,,,,,
2005-11-27 06:00:00,2005-11-27 06:00,2005,11,27,06:00,0.4,,-0.4,,94.0,,,M,,M,,,100.83,,,,,,
2005-11-27 07:00:00,2005-11-27 07:00,2005,11,27,07:00,0.7,,-0.3,,93.0,,,M,,M,,,100.83,,,,,,
2005-11-27 08:00:00,2005-11-27 08:00,2005,11,27,08:00,1.2,,-0.1,,91.0,,,M,,M,,,100.82,,,,,,
2005-11-27 09:00:00,2005-11-27 09:00,2005,11,27,09:00,2.2,,1.1,,92.0,,,M,,M,,,100.83,,,,,,
2005-11-27 10:00:00,2005-11-27 10:00,2005,11,27,10:00,2.5,,1.2,,91.0,,,M,,M,,,100.81,,,,,,
2005-11-27 11:00:00,2005-11-27 11:00,2005,11,27,11:00,2.7,,1.3,,90.0,,,M,,M,,,100.78,,,,,,
2005-11-27 12:00:00,2005-11-27 12:00,2005,11,27,12:00,2.7,,1.2,,90.0,,,M,,M,,,100.68,,,,,,
2005-11-27 13:00:00,2005-11-27 13:00,2005,11,27,13:00,2.7,,1.2,,90.0,,,M,,M,,,100.64,,,,,,
2005-11-27 14:00:00,2005-11-27 14:00,2005,11,27,14:00,2.8,,1.4,,90.0,,,M,,M,,,100.58,,,,,,
2005-11-27 15:00:00,2005-11-27 15:00,2005,11,27,15:00,3.0,,1.7,,91.0,,,M,,M,,,100.61,,,,,,
2005-11-27 16:00:00,2005-11-27 16:00,2005,11,27,16:00,3.0,,2.1,,94.0,,,M,,M,,,100.55,,,,,,
2005-11-27 17:00:00,2005-11-27 17:00,2005,11,27,17:00,3.1,,2.5,,96.0,,,M,,M,,,100.5,,,,,,
2005-11-27 18:00:00,2005-11-27 18:00,2005,11,27,18:00,3.3,,2.6,,95.0,,,M,,M,,,100.54,,,,,,
2005-11-27 19:00:00,2005-11-27 19:00,2005,11,27,19:00,3.3,,2.5,,94.0,,,M,,M,,,100.44,,,,,,
2005-11-27 20:00:00,2005-11-27 20:00,2005,11,27,20:00,3.5,,2.7,,94.0,,,M,,M,,,100.57,,,,,,
2005-11-27 21:00:00,2005-11-27 21:00,2005,11,27,21:00,3.7,,2.9,,94.0,,,M,,M,,,100.51,,,,,,
2005-11-27 22:00:00,2005-11-27 22:00,2005,11,27,22:00,3.9,,2.9,,93.0,,,M,,M,,,100.52,,,,,,
2005-11-27 23:00:00,2005-11-27 23:00,2005,11,27,23:00,4.0,,3.0,,93.0,,,M,,M,,,100.46,,,,,,
2005-11-28 00:00:00,2005-11-28 00:00,2005,11,28,00:00,4.2,,3.2,,93.0,,,M,,M,,,100.41,,,,,,
2005-11-28 01:00:00,2005-11-28 01:00,2005,11,28,01:00,4.6,,3.5,,93.0,,,M,,M,,,100.4,,,,,,
2005-11-28 02:00:00,2005-11-28 02:00,2005,11,28,02:00,5.2,,4.3,,94.0,,,M,,M,,,100.36,,,,,,
2005-11-28 03:00:00,2005-11-28 03:00,2005,11,28,03:00,5.4,,4.6,,95.0,,,M,,M,,,100.34,,,,,,
2005-11-28 04:00:00,2005-11-28 04:00,2005,11,28,04:00,6.1,,5.1,,93.0,,,M,,M,,,100.29,,,,,,
2005-11-28 05:00:00,2005-11-28 05:00,2005,11,28,05:00,6.4,,5.6,,95.0,,,M,,M,,,100.29,,,,,,
2005-11-28 06:00:00,2005-11-28 06:00,2005,11,28,06:00,6.7,,6.0,,95.0,,,M,,M,,,100.27,,,,,,
2005-11-28 07:00:00,2005-11-28 07:00,2005,11,28,07:00,6.8,,6.2,,96.0,,,M,,M,,,100.27,,,,,,
2005-11-28 08:00:00,2005-11-28 08:00,2005,11,28,08:00,7.2,,6.5,,95.0,,,M,,M,,,100.25,,,,,,
2005-11-28 09:00:00,2005-11-28 09:00,2005,11,28,09:00,8.5,,7.1,,91.0,,,M,,M,,,100.24,,,,,,
2005-11-28 10:00:00,2005-11-28 10:00,2005,11,28,10:00,9.3,,7.1,,86.0,,,M,,M,,,100.17,,,,,,
2005-11-28 11:00:00,2005-11-28 11:00,2005,11,28,11:00,9.8,,7.5,,86.0,,,M,,M,,,100.08,,,,,,
2005-11-28 12:00:00,2005-11-28 12:00,2005,11,28,12:00,9.7,,7.5,,86.0,,,M,,M,,,99.97,,,,,,
2005-11-28 13:00:00,2005-11-28 13:00,2005,11,28,13:00,10.3,,8.1,,86.0,,,M,,M,,,99.86,,,,,,
2005-11-28 14:00:00,2005-11-28 14:00,2005,11,28,14:00,10.9,,8.7,,86.0,,,M,,M,,,99.83,,,,,,
2005-11-28 15:00:00,2005-11-28 15:00,2005,11,28,15:00,10.8,,9.1,,89.0,,,M,,M,,,99.73,,,,,,
2005-11-28 16:00:00,2005-11-28 16:00,2005,11,28,16:00,12.1,,10.5,,90.0,,,M,,M,,,99.67,,,,,,
2005-11-28 17:00:00,2005-11-28 17:00,2005,11,28,17:00,11.6,,10.7,,94.0,,,M,,M,,,99.63,,,,,,
2005-11-28 18:00:00,2005-11-28 18:00,2005,11,28,18:00,12.2,,11.4,,95.0,,,M,,M,,,99.58,,,,,,
2005-11-28 19:00:00,2005-11-28 19:00,2005,11,28,19:00,12.0,,11.4,,96.0,,,M,,M,,,99.51,,,,,,
2005-11-28 20:00:00,2005-11-28 20:00,2005,11,28,20:00,,,,,,,,,,,,,,,,,,,
2005-11-28 21:00:00,2005-11-28 21:00,2005,11,28,21:00,12.5,,11.7,,95.0,,,M,,M,,,99.37,,,,,,
2005-11-28 22:00:00,2005-11-28 22:00,2005,11,28,22:00,12.6,,11.6,,94.0,,,M,,M,,,99.3,,,,,,
2005-11-28 23:00:00,2005-11-28 23:00,2005,11,28,23:00,12.4,,11.3,,93.0,,,M,,M,,,99.23,,,,,,
2005-11-29 00:00:00,2005-11-29 00:00,2005,11,29,00:00,12.4,,11.3,,93.0,,,M,,M,,,99.16,,,,,,
2005-11-29 01:00:00,2005-11-29 01:00,2005,11,29,01:00,12.3,,11.0,,92.0,,,M,,M,,,99.06,,,,,,
2005-11-29 02:00:00,2005-11-29 02:00,2005,11,29,02:00,13.9,,12.0,,88.0,,,M,,M,,,98.98,,,,,,
2005-11-29 03:00:00,2005-11-29 03:00,2005,11,29,03:00,16.8,,12.8,,77.0,,,M,,M,,,98.88,,,,,,
2005-11-29 04:00:00,2005-11-29 04:00,2005,11,29,04:00,13.8,,12.0,,89.0,,,M,,M,,,98.98,,,,,,
2005-11-29 05:00:00,2005-11-29 05:00,2005,11,29,05:00,12.6,,11.7,,94.0,,,M,,M,,,98.95,,,,,,
2005-11-29 06:00:00,2005-11-29 06:00,2005,11,29,06:00,12.5,,11.1,,91.0,,,M,,M,,,98.93,,,,,,
2005-11-29 07:00:00,2005-11-29 07:00,2005,11,29,07:00,11.5,,10.3,,92.0,,,M,,M,,,99.02,,,,,,
2005-11-29 08:00:00,2005-11-29 08:00,2005,11,29,08:00,10.1,,9.5,,96.0,,,M,,M,,,99.1,,,,,,
2005-11-29 09:00:00,2005-11-29 09:00,2005,11,29,09:00,9.8,,9.5,,98.0,,,M,,M,,,99.18,,,,,,
2005-11-29 10:00:00,2005-11-29 10:00,2005,11,29,10:00,9.7,,9.5,,99.0,,,M,,M,,,99.17,,,,,,
2005-11-29 11:00:00,2005-11-29 11:00,2005,11,29,11:00,9.4,,9.3,,99.0,,,M,,M,,,99.19,,,,,,
2005-11-29 12:00:00,2005-11-29 12:00,2005,11,29,12:00,9.0,,8.8,,99.0,,,M,,M,,,99.16,,,,,,
2005-11-29 13:00:00,2005-11-29 13:00,2005,11,29,13:00,8.9,,8.7,,99.0,,,M,,M,,,99.28,,,,,,
2005-11-29 14:00:00,2005-11-29 14:00,2005,11,29,14:00,9.2,,8.8,,97.0,,,M,,M,,,99.14,,,,,,
2005-11-29 15:00:00,2005-11-29 15:00,2005,11,29,15:00,9.2,,8.7,,97.0,,,M,,M,,,99.06,,,,,,
2005-11-29 16:00:00,2005-11-29 16:00,2005,11,29,16:00,9.0,,8.1,,94.0,,,M,,M,,,99.17,,,,,,
2005-11-29 17:00:00,2005-11-29 17:00,2005,11,29,17:00,8.7,,7.5,,92.0,,,M,,M,,,99.19,,,,,,
2005-11-29 18:00:00,2005-11-29 18:00,2005,11,29,18:00,8.9,,6.2,,83.0,,,M,,M,,,99.25,,,,,,
2005-11-29 19:00:00,2005-11-29 19:00,2005,11,29,19:00,8.8,,6.9,,88.0,,,M,,M,,,99.22,,,,,,
2005-11-29 20:00:00,2005-11-29 20:00,2005,11,29,20:00,8.8,,6.1,,83.0,,,M,,M,,,99.32,,,,,,
2005-11-29 21:00:00,2005-11-29 21:00,2005,11,29,21:00,7.5,,1.5,,66.0,,,M,,M,,,99.43,,,,,,
2005-11-29 22:00:00,2005-11-29 22:00,2005,11,29,22:00,6.7,,0.0,,62.0,,,M,,M,,,99.53,,,,,,
2005-11-29 23:00:00,2005-11-29 23:00,2005,11,29,23:00,6.0,,-0.1,,65.0,,,M,,M,,,99.64,,,,,,
2005-11-30 00:00:00,2005-11-30 00:00,2005,11,30,00:00,5.6,,-0.2,,66.0,,,M,,M,,,99.68,,,,,,
2005-11-30 01:00:00,2005-11-30 01:00,2005,11,30,01:00,4.9,,-0.4,,69.0,,,M,,M,,,99.73,,,,,,
2005-11-30 02:00:00,2005-11-30 02:00,2005,11,30,02:00,4.4,,-0.4,,71.0,,,M,,M,,,99.79,,,,,,
2005-11-30 03:00:00,2005-11-30 03:00,2005,11,30,03:00,4.0,,-0.6,,72.0,,,M,,M,,,99.85,,,,,,
2005-11-30 04:00:00,2005-11-30 04:00,2005,11,30,04:00,3.5,,-0.6,,74.0,,,M,,M,,,99.89,,,,,,
2005-11-30 05:00:00,2005-11-30 05:00,2005,11,30,05:00,3.4,,-0.8,,74.0,,,M,,M,,,99.94,,,,,,
2005-11-30 06:00:00,2005-11-30 06:00,2005,11,30,06:00,3.3,,-0.7,,75.0,,,M,,M,,,99.99,,,,,,
2005-11-30 07:00:00,2005-11-30 07:00,2005,11,30,07:00,3.0,,-1.1,,74.0,,,M,,M,,,100.05,,,,,,
2005-11-30 08:00:00,2005-11-30 08:00,2005,11,30,08:00,3.0,,-1.0,,75.0,,,M,,M,,,100.11,,,,,,
2005-11-30 09:00:00,2005-11-30 09:00,2005,11,30,09:00,2.8,,-0.9,,77.0,,,M,,M,,,100.17,,,,,,
2005-11-30 10:00:00,2005-11-30 10:00,2005,11,30,10:00,2.7,,-1.4,,74.0,,,M,,M,,,100.18,,,,,,
2005-11-30 11:00:00,2005-11-30 11:00,2005,11,30,11:00,3.1,,-0.9,,75.0,,,M,,M,,,100.18,,,,,,
2005-11-30 12:00:00,2005-11-30 12:00,2005,11,30,12:00,3.2,,-1.3,,72.0,,,M,,M,,,100.17,,,,,,
2005-11-30 13:00:00,2005-11-30 13:00,2005,11,30,13:00,3.0,,-2.5,,67.0,,,M,,M,,,100.13,,,,,,
2005-11-30 14:00:00,2005-11-30 14:00,2005,11,30,14:00,3.0,,-2.9,,65.0,,,M,,M,,,100.13,,,,,,
2005-11-30 15:00:00,2005-11-30 15:00,2005,11,30,15:00,3.0,,-2.9,,65.0,,,M,,M,,,100.21,,,,,,
2005-11-30 16:00:00,2005-11-30 16:00,2005,11,30,16:00,2.8,,-2.7,,67.0,,,M,,M,,,100.32,,,,,,
2005-11-30 17:00:00,2005-11-30 17:00,2005,11,30,17:00,2.6,,-2.8,,68.0,,,M,,M,,,100.37,,,,,,
2005-11-30 18:00:00,2005-11-30 18:00,2005,11,30,18:00,2.4,,-2.7,,69.0,,,M,,M,,,100.47,,,,,,
2005-11-30 19:00:00,2005-11-30 19:00,2005,11,30,19:00,2.1,,-2.3,,73.0,,,M,,M,,,100.53,,,,,,
2005-11-30 20:00:00,2005-11-30 20:00,2005,11,30,20:00,1.9,,-2.0,,75.0,,,M,,M,,,100.54,,,,,,
2005-11-30 21:00:00,2005-11-30 21:00,2005,11,30,21:00,2.0,,-2.0,,75.0,,,M,,M,,,100.53,,,,,,
2005-11-30 22:00:00,2005-11-30 22:00,2005,11,30,22:00,2.1,,-2.2,,73.0,,,M,,M,,,100.51,,,,,,
2005-11-30 23:00:00,2005-11-30 23:00,2005,11,30,23:00,2.0,,-2.2,,74.0,,,M,,M,,,100.52,,,,,,
