DateTime,Date/Time,Year,Month,Day,Time,Temp (°C),Temp Flag,Dew Point Temp (°C),Dew Point Temp Flag,Rel Hum (%),Rel Hum Flag,Wind Dir (10s deg),Wind Dir Flag,Wind Spd (km/h),Wind Spd Flag,Visibility (km),Visibility Flag,Stn Press (kPa),Stn Press Flag,Hmdx,Hmdx Flag,Wind Chill,Wind Chill Flag,Weather
2019-02-01 00:00:00,2019-02-01 00:00,2019,2,1,00:00,-16.3,,-21.5,,64,,,M,,M,,,101.28,,,,,,
2019-02-01 01:00:00,2019-02-01 01:00,2019,2,1,01:00,-16.8,,-21.7,,65,,,M,,M,,,101.3,,,,,,
2019-02-01 02:00:00,2019-02-01 02:00,2019,2,1,02:00,-17.0,,-21.7,,67,,,M,,M,,,101.31,,,,,,
2019-02-01 03:00:00,2019-02-01 03:00,2019,2,1,03:00,-17.3,,-21.9,,67,,,M,,M,,,101.33,,,,,,
2019-02-01 04:00:00,2019-02-01 04:00,2019,2,1,04:00,-17.4,,-22.0,,67,,,M,,M,,,101.34,,,,,,
2019-02-01 05:00:00,2019-02-01 05:00,2019,2,1,05:00,-17.4,,-21.9,,68,,,M,,M,,,101.34,,,,,,
2019-02-01 06:00:00,2019-02-01 06:00,2019,2,1,06:00,-17.0,,-21.3,,69,,,M,,M,,,101.35,,,,,,
2019-02-01 07:00:00,2019-02-01 07:00,2019,2,1,07:00,-16.6,,-20.6,,71,,,M,,M,,,101.34,,,,,,
2019-02-01 08:00:00,2019-02-01 08:00,2019,2,1,08:00,-16.2,,-20.7,,69,,,M,,M,,,101.39,,,,,,
2019-02-01 09:00:00,2019-02-01 09:00,2019,2,1,09:00,-15.3,,-20.5,,64,,,M,,M,,,101.45,,,,,,
2019-02-01 10:00:00,2019-02-01 10:00,2019,2,1,10:00,-13.1,,-20.5,,54,,,M,,M,,,101.48,,,,,,
2019-02-01 11:00:00,2019-02-01 11:00,2019,2,1,11:00,-11.8,,-19.9,,51,,,M,,M,,,101.49,,,,,,
2019-02-01 12:00:00,2019-02-01 12:00,2019,2,1,12:00,-11.3,,-19.4,,51,,,M,,M,,,101.48,,,,,,
2019-02-01 13:00:00,2019-02-01 13:00,2019,2,1,13:00,-9.5,,-19.3,,45,,,M,,M,,,101.4,,,,,,
2019-02-01 14:00:00,2019-02-01 14:00,2019,2,1,14:00,-9.2,,-19.7,,42,,,M,,M,,,101.37,,,,,,
2019-02-01 15:00:00,2019-02-01 15:00,2019,2,1,15:00,-9.7,,-18.7,,48,,,M,,M,,,101.34,,,,,,
2019-02-01 16:00:00,2019-02-01 16:00,2019,2,1,16:00,-9.5,,-18.2,,49,,,M,,M,,,101.35,,,,,,
2019-02-01 17:00:00,2019-02-01 17:00,2019,2,1,17:00,-9.7,,-18.6,,48,,,M,,M,,,101.36,,,,,,
2019-02-01 18:00:00,2019-02-01 18:00,2019,2,1,18:00,-9.7,,-17.9,,51,,,M,,M,,,101.36,,,,,,
2019-02-01 19:00:00,2019-02-01 19:00,2019,2,1,19:00,-10.1,,-19.3,,47,,,M,,M,,,101.37,,,,,,
2019-02-01 20:00:00,2019-02-01 20:00,2019,2,1,20:00,-11.1,,-19.5,,50,,,M,,M,,,101.37,,,,,,
2019-02-01 21:00:00,2019-02-01 21:00,2019,2,1,21:00,-12.2,,-19.0,,57,,,M,,M,,,101.36,,,,,,
2019-02-01 22:00:00,2019-02-01 22:00,2019,2,1,22:00,-13.0,,-19.6,,58,,,M,,M,,,101.35,,,,,,
2019-02-01 23:00:00,2019-02-01 23:00,2019,2,1,23:00,-13.1,,-19.6,,58,,,M,,M,,,101.3,,,,,,
2019-02-02 00:00:00,2019-02-02 00:00,2019,2,2,00:00,-13.3,,-19.7,,59,,,M,,M,,,101.25,,,,,,
2019-02-02 01:00:00,2019-02-02 01:00,2019,2,2,01:00,-12.9,,-19.3,,59,,,M,,M,,,101.21,,,,,,
2019-02-02 02:00:00,2019-02-02 02:00,2019,2,2,02:00,-12.7,,-18.9,,60,,,M,,M,,,101.15,,,,,,
2019-02-02 03:00:00,2019-02-02 03:00,2019,2,2,03:00,-13.3,,-19.7,,59,,,M,,M,,,101.12,,,,,,
2019-02-02 04:00:00,2019-02-02 04:00,2019,2,2,04:00,-12.1,,-16.1,,72,,,M,,M,,,101.02,,,,,,
2019-02-02 05:00:00,2019-02-02 05:00,2019,2,2,05:00,-11.3,,-14.9,,74,,,M,,M,,,100.88,,,,,,
2019-02-02 06:00:00,2019-02-02 06:00,2019,2,2,06:00,-10.1,,-13.6,,75,,,M,,M,,,100.85,,,,,,
2019-02-02 07:00:00,2019-02-02 07:00,2019,2,2,07:00,-8.6,,-11.9,,77,,,M,,M,,,100.7,,,,,,
2019-02-02 08:00:00,2019-02-02 08:00,2019,2,2,08:00,-7.8,,-11.4,,76,,,M,,M,,,100.64,,,,,,
2019-02-02 09:00:00,2019-02-02 09:00,2019,2,2,09:00,-7.4,,-11.2,,75,,,M,,M,,,100.58,,,,,,
2019-02-02 10:00:00,2019-02-02 10:00,2019,2,2,10:00,-6.3,,-10.0,,75,,,M,,M,,,100.48,,,,,,
2019-02-02 11:00:00,2019-02-02 11:00,2019,2,2,11:00,-4.9,,-8.1,,78,,,M,,M,,,100.38,,,,,,
2019-02-02 12:00:00,2019-02-02 12:00,2019,2,2,12:00,-3.8,,-7.7,,75,,,M,,M,,,100.29,,,,,,
2019-02-02 13:00:00,2019-02-02 13:00,2019,2,2,13:00,-2.4,,-6.2,,75,,,M,,M,,,100.14,,,,,,
2019-02-02 14:00:00,2019-02-02 14:00,2019,2,2,14:00,-1.3,,-5.5,,73,,,M,,M,,,100.08,,,,,,
2019-02-02 15:00:00,2019-02-02 15:00,2019,2,2,15:00,-0.5,,-4.8,,73,,,M,,M,,,100.03,,,,,,
2019-02-02 16:00:00,2019-02-02 16:00,2019,2,2,16:00,0.1,,-4.1,,73,,,M,,M,,,100.04,,,,,,
2019-02-02 17:00:00,2019-02-02 17:00,2019,2,2,17:00,0.7,,-3.3,,75,,,M,,M,,,100.07,,,,,,
2019-02-02 18:00:00,2019-02-02 18:00,2019,2,2,18:00,1.1,,-2.0,,79,,,M,,M,,,100.13,,,,,,
2019-02-02 19:00:00,2019-02-02 19:00,2019,2,2,19:00,1.1,,-1.6,,82,,,M,,M,,,100.2,,,,,,
2019-02-02 20:00:00,2019-02-02 20:00,2019,2,2,20:00,1.0,,-1.1,,86,,,M,,M,,,100.26,,,,,,
2019-02-02 21:00:00,2019-02-02 21:00,2019,2,2,21:00,0.7,,-1.0,,89,,,M,,M,,,100.28,,,,,,
2019-02-02 22:00:00,2019-02-02 22:00,2019,2,2,22:00,0.7,,-0.7,,91,,,M,,M,,,100.33,,,,,,
2019-02-02 23:00:00,2019-02-02 23:00,2019,2,2,23:00,0.5,,-0.9,,91,,,M,,M,,,100.31,,,,,,
2019-02-03 00:00:00,2019-02-03 00:00,2019,2,3,00:00,0.7,,-0.7,,91,,,M,,M,,,100.31,,,,,,
2019-02-03 01:00:00,2019-02-03 01:00,2019,2,3,01:00,0.7,,-0.4,,93,,,M,,M,,,100.28,,,,,,
2019-02-03 02:00:00,2019-02-03 02:00,2019,2,3,02:00,0.5,,-0.4,,94,,,M,,M,,,100.22,,,,,,
2019-02-03 03:00:00,2019-02-03 03:00,2019,2,3,03:00,0.5,,-0.3,,94,,,M,,M,,,100.18,,,,,,
2019-02-03 04:00:00,2019-02-03 04:00,2019,2,3,04:00,0.8,,0.1,,95,,,M,,M,,,100.15,,,,,,
2019-02-03 05:00:00,2019-02-03 05:00,2019,2,3,05:00,1.3,,0.6,,95,,,M,,M,,,100.12,,,,,,
2019-02-03 06:00:00,2019-02-03 06:00,2019,2,3,06:00,1.9,,1.0,,94,,,M,,M,,,100.1,,,,,,
2019-02-03 07:00:00,2019-02-03 07:00,2019,2,3,07:00,2.6,,0.8,,88,,,M,,M,,,100.04,,,,,,
2019-02-03 08:00:00,2019-02-03 08:00,2019,2,3,08:00,2.8,,0.9,,87,,,M,,M,,,99.98,,,,,,
2019-02-03 09:00:00,2019-02-03 09:00,2019,2,3,09:00,3.1,,0.8,,85,,,M,,M,,,99.99,,,,,,
2019-02-03 10:00:00,2019-02-03 10:00,2019,2,3,10:00,3.6,,0.9,,82,,,M,,M,,,99.96,,,,,,
2019-02-03 11:00:00,2019-02-03 11:00,2019,2,3,11:00,4.2,,1.2,,81,,,M,,M,,,99.93,,,,,,
2019-02-03 12:00:00,2019-02-03 12:00,2019,2,3,12:00,5.0,,1.7,,79,,,M,,M,,,99.83,,,,,,
2019-02-03 13:00:00,2019-02-03 13:00,2019,2,3,13:00,5.6,,1.8,,76,,,M,,M,,,99.72,,,,,,
2019-02-03 14:00:00,2019-02-03 14:00,2019,2,3,14:00,5.6,,1.6,,76,,,M,,M,,,99.7,,,,,,
2019-02-03 15:00:00,2019-02-03 15:00,2019,2,3,15:00,6.3,,2.7,,77,,,M,,M,,,99.67,,,,,,
2019-02-03 16:00:00,2019-02-03 16:00,2019,2,3,16:00,7.4,,3.7,,77,,,M,,M,,,99.69,,,,,,
2019-02-03 17:00:00,2019-02-03 17:00,2019,2,3,17:00,6.9,,3.0,,77,,,M,,M,,,99.7,,,,,,
2019-02-03 18:00:00,2019-02-03 18:00,2019,2,3,18:00,7.4,,3.7,,77,,,M,,M,,,99.71,,,,,,
2019-02-03 19:00:00,2019-02-03 19:00,2019,2,3,19:00,6.1,,2.9,,80,,,M,,M,,,99.75,,,,,,
2019-02-03 20:00:00,2019-02-03 20:00,2019,2,3,20:00,5.6,,2.8,,82,,,M,,M,,,99.76,,,,,,
2019-02-03 21:00:00,2019-02-03 21:00,2019,2,3,21:00,7.4,,4.0,,79,,,M,,M,,,99.76,,,,,,
2019-02-03 22:00:00,2019-02-03 22:00,2019,2,3,22:00,7.8,,4.4,,79,,,M,,M,,,99.76,,,,,,
2019-02-03 23:00:00,2019-02-03 23:00,2019,2,3,23:00,6.5,,3.2,,79,,,M,,M,,,99.82,,,,,,
2019-02-04 00:00:00,2019-02-04 00:00,2019,2,4,00:00,6.2,,3.3,,82,,,M,,M,,,99.85,,,,,,
2019-02-04 01:00:00,2019-02-04 01:00,2019,2,4,01:00,5.6,,3.1,,84,,,M,,M,,,99.88,,,,,,
2019-02-04 02:00:00,2019-02-04 02:00,2019,2,4,02:00,6.3,,3.9,,84,,,M,,M,,,99.87,,,,,,
2019-02-04 03:00:00,2019-02-04 03:00,2019,2,4,03:00,6.1,,3.8,,85,,,M,,M,,,99.88,,,,,,
2019-02-04 04:00:00,2019-02-04 04:00,2019,2,4,04:00,5.9,,3.9,,87,,,M,,M,,,99.87,,,,,,
2019-02-04 05:00:00,2019-02-04 05:00,2019,2,4,05:00,6.4,,4.6,,88,,,M,,M,,,99.91,,,,,,
2019-02-04 06:00:00,2019-02-04 06:00,2019,2,4,06:00,6.2,,3.7,,84,,,M,,M,,,99.92,,,,,,
2019-02-04 07:00:00,2019-02-04 07:00,2019,2,4,07:00,5.9,,3.4,,84,,,M,,M,,,99.91,,,,,,
2019-02-04 08:00:00,2019-02-04 08:00,2019,2,4,08:00,6.5,,3.7,,82,,,M,,M,,,99.95,,,,,,
2019-02-04 09:00:00,2019-02-04 09:00,2019,2,4,09:00,6.9,,3.0,,76,,,M,,M,,,99.95,,,,,,
2019-02-04 10:00:00,2019-02-04 10:00,2019,2,4,10:00,8.4,,2.8,,68,,,M,,M,,,99.92,,,,,,
2019-02-04 11:00:00,2019-02-04 11:00,2019,2,4,11:00,8.7,,2.5,,65,,,M,,M,,,99.88,,,,,,
2019-02-04 12:00:00,2019-02-04 12:00,2019,2,4,12:00,9.2,,2.3,,62,,,M,,M,,,99.82,,,,,,
2019-02-04 13:00:00,2019-02-04 13:00,2019,2,4,13:00,9.9,,2.7,,61,,,M,,M,,,99.73,,,,,,
2019-02-04 14:00:00,2019-02-04 14:00,2019,2,4,14:00,10.9,,3.5,,60,,,M,,M,,,99.62,,,,,,
2019-02-04 15:00:00,2019-02-04 15:00,2019,2,4,15:00,10.6,,3.3,,61,,,M,,M,,,99.56,,,,,,
2019-02-04 16:00:00,2019-02-04 16:00,2019,2,4,16:00,11.1,,4.1,,62,,,M,,M,,,99.48,,,,,,
2019-02-04 17:00:00,2019-02-04 17:00,2019,2,4,17:00,11.1,,4.5,,64,,,M,,M,,,99.38,,,,,,
2019-02-04 18:00:00,2019-02-04 18:00,2019,2,4,18:00,11.5,,4.7,,63,,,M,,M,,,99.31,,,,,,
2019-02-04 19:00:00,2019-02-04 19:00,2019,2,4,19:00,10.1,,4.7,,69,,,M,,M,,,99.26,,,,,,
2019-02-04 20:00:00,2019-02-04 20:00,2019,2,4,20:00,9.5,,4.6,,72,,,M,,M,,,99.22,,,,,,
2019-02-04 21:00:00,2019-02-04 21:00,2019,2,4,21:00,9.1,,4.8,,74,,,M,,M,,,99.17,,,,,,
2019-02-04 22:00:00,2019-02-04 22:00,2019,2,4,22:00,8.4,,5.8,,84,,,M,,M,,,99.18,,,,,,
2019-02-04 23:00:00,2019-02-04 23:00,2019,2,4,23:00,8.3,,7.0,,92,,,M,,M,,,99.15,,,,,,
2019-02-05 00:00:00,2019-02-05 00:00,2019,2,5,00:00,8.2,,6.9,,92,,,M,,M,,,99.17,,,,,,
2019-02-05 01:00:00,2019-02-05 01:00,2019,2,5,01:00,8.3,,7.1,,92,,,M,,M,,,99.24,,,,,,
2019-02-05 02:00:00,2019-02-05 02:00,2019,2,5,02:00,8.9,,7.7,,92,,,M,,M,,,99.32,,,,,,
2019-02-05 03:00:00,2019-02-05 03:00,2019,2,5,03:00,8.6,,5.6,,81,,,M,,M,,,99.46,,,,,,
2019-02-05 04:00:00,2019-02-05 04:00,2019,2,5,04:00,8.0,,4.8,,80,,,M,,M,,,99.52,,,,,,
2019-02-05 05:00:00,2019-02-05 05:00,2019,2,5,05:00,7.1,,3.1,,76,,,M,,M,,,99.6,,,,,,
2019-02-05 06:00:00,2019-02-05 06:00,2019,2,5,06:00,6.6,,2.3,,74,,,M,,M,,,99.77,,,,,,
2019-02-05 07:00:00,2019-02-05 07:00,2019,2,5,07:00,5.1,,0.2,,71,,,M,,M,,,99.91,,,,,,
2019-02-05 08:00:00,2019-02-05 08:00,2019,2,5,08:00,4.5,,-0.3,,71,,,M,,M,,,100.04,,,,,,
2019-02-05 09:00:00,2019-02-05 09:00,2019,2,5,09:00,1.8,,-2.1,,76,,,M,,M,,,100.21,,,,,,
2019-02-05 10:00:00,2019-02-05 10:00,2019,2,5,10:00,0.7,,-2.9,,77,,,M,,M,,,100.3,,,,,,
2019-02-05 11:00:00,2019-02-05 11:00,2019,2,5,11:00,0.5,,-4.6,,69,,,M,,M,,,100.47,,,,,,
2019-02-05 12:00:00,2019-02-05 12:00,2019,2,5,12:00,0.9,,-5.5,,62,,,M,,M,,,100.53,,,,,,
2019-02-05 13:00:00,2019-02-05 13:00,2019,2,5,13:00,-0.2,,-6.0,,65,,,M,,M,,,100.59,,,,,,
2019-02-05 14:00:00,2019-02-05 14:00,2019,2,5,14:00,-0.9,,-6.4,,66,,,M,,M,,,100.67,,,,,,
2019-02-05 15:00:00,2019-02-05 15:00,2019,2,5,15:00,-1.1,,-6.9,,64,,,M,,M,,,100.73,,,,,,
2019-02-05 16:00:00,2019-02-05 16:00,2019,2,5,16:00,-2.4,,-7.3,,69,,,M,,M,,,100.81,,,,,,
2019-02-05 17:00:00,2019-02-05 17:00,2019,2,5,17:00,-2.6,,-7.7,,68,,,M,,M,,,100.89,,,,,,
2019-02-05 18:00:00,2019-02-05 18:00,2019,2,5,18:00,-3.4,,-8.3,,69,,,M,,M,,,100.95,,,,,,
2019-02-05 19:00:00,2019-02-05 19:00,2019,2,5,19:00,-3.7,,-8.7,,68,,,M,,M,,,101.01,,,,,,
2019-02-05 20:00:00,2019-02-05 20:00,2019,2,5,20:00,-4.5,,-9.2,,70,,,M,,M,,,100.99,,,,,,
2019-02-05 21:00:00,2019-02-05 21:00,2019,2,5,21:00,-5.0,,-10.1,,67,,,M,,M,,,101.0,,,,,,
2019-02-05 22:00:00,2019-02-05 22:00,2019,2,5,22:00,-5.2,,-10.3,,68,,,M,,M,,,100.98,,,,,,
2019-02-05 23:00:00,2019-02-05 23:00,2019,2,5,23:00,-5.2,,-9.9,,69,,,M,,M,,,101.01,,,,,,
2019-02-06 00:00:00,2019-02-06 00:00,2019,2,6,00:00,-5.4,,-10.5,,67,,,M,,M,,,101.01,,,,,,
2019-02-06 01:00:00,2019-02-06 01:00,2019,2,6,01:00,-5.3,,-10.1,,69,,,M,,M,,,100.95,,,,,,
2019-02-06 02:00:00,2019-02-06 02:00,2019,2,6,02:00,-4.8,,-8.9,,73,,,M,,M,,,100.85,,,,,,
2019-02-06 03:00:00,2019-02-06 03:00,2019,2,6,03:00,-4.0,,-8.0,,74,,,M,,M,,,100.89,,,,,,
2019-02-06 04:00:00,2019-02-06 04:00,2019,2,6,04:00,-2.9,,-5.7,,81,,,M,,M,,,100.73,,,,,,
2019-02-06 05:00:00,2019-02-06 05:00,2019,2,6,05:00,-3.2,,-5.8,,82,,,M,,M,,,100.66,,,,,,
2019-02-06 06:00:00,2019-02-06 06:00,2019,2,6,06:00,-3.3,,-5.6,,84,,,M,,M,,,100.76,,,,,,
2019-02-06 07:00:00,2019-02-06 07:00,2019,2,6,07:00,-3.4,,-5.5,,86,,,M,,M,,,100.77,,,,,,
2019-02-06 08:00:00,2019-02-06 08:00,2019,2,6,08:00,-4.3,,-5.8,,89,,,M,,M,,,100.39,,,,,,
2019-02-06 09:00:00,2019-02-06 09:00,2019,2,6,09:00,-4.1,,-5.2,,92,,,M,,M,,,100.41,,,,,,
2019-02-06 10:00:00,2019-02-06 10:00,2019,2,6,10:00,-3.7,,-4.8,,93,,,M,,M,,,100.34,,,,,,
2019-02-06 11:00:00,2019-02-06 11:00,2019,2,6,11:00,-2.6,,-3.7,,92,,,M,,M,,,100.18,,,,,,
2019-02-06 12:00:00,2019-02-06 12:00,2019,2,6,12:00,-2.0,,-3.1,,92,,,M,,M,,,100.16,,,,,,
2019-02-06 13:00:00,2019-02-06 13:00,2019,2,6,13:00,-1.3,,-2.2,,93,,,M,,M,,,100.06,,,,,,
2019-02-06 14:00:00,2019-02-06 14:00,2019,2,6,14:00,-0.8,,-1.8,,93,,,M,,M,,,99.94,,,,,,
2019-02-06 15:00:00,2019-02-06 15:00,2019,2,6,15:00,-0.5,,-1.6,,93,,,M,,M,,,99.96,,,,,,
2019-02-06 16:00:00,2019-02-06 16:00,2019,2,6,16:00,-0.8,,-1.9,,92,,,M,,M,,,99.99,,,,,,
2019-02-06 17:00:00,2019-02-06 17:00,2019,2,6,17:00,-1.4,,-2.6,,92,,,M,,M,,,99.95,,,,,,
2019-02-06 18:00:00,2019-02-06 18:00,2019,2,6,18:00,-1.3,,-2.5,,91,,,M,,M,,,100.0,,,,,,
2019-02-06 19:00:00,2019-02-06 19:00,2019,2,6,19:00,-1.2,,-2.5,,91,,,M,,M,,,100.08,,,,,,
2019-02-06 20:00:00,2019-02-06 20:00,2019,2,6,20:00,-1.1,,-2.5,,90,,,M,,M,,,100.15,,,,,,
2019-02-06 21:00:00,2019-02-06 21:00,2019,2,6,21:00,-1.2,,-2.6,,90,,,M,,M,,,100.24,,,,,,
2019-02-06 22:00:00,2019-02-06 22:00,2019,2,6,22:00,-1.4,,-3.2,,88,,,M,,M,,,100.26,,,,,,
2019-02-06 23:00:00,2019-02-06 23:00,2019,2,6,23:00,-1.5,,-3.4,,87,,,M,,M,,,100.31,,,,,,
2019-02-07 00:00:00,2019-02-07 00:00,2019,2,7,00:00,-1.5,,-3.7,,85,,,M,,M,,,100.34,,,,,,
2019-02-07 01:00:00,2019-02-07 01:00,2019,2,7,01:00,-1.3,,-3.5,,85,,,M,,M,,,100.37,,,,,,
2019-02-07 02:00:00,2019-02-07 02:00,2019,2,7,02:00,-1.2,,-3.5,,84,,,M,,M,,,100.44,,,,,,
2019-02-07 03:00:00,2019-02-07 03:00,2019,2,7,03:00,-1.3,,-4.0,,82,,,M,,M,,,100.46,,,,,,
2019-02-07 04:00:00,2019-02-07 04:00,2019,2,7,04:00,-1.7,,-4.3,,83,,,M,,M,,,100.46,,,,,,
2019-02-07 05:00:00,2019-02-07 05:00,2019,2,7,05:00,-2.1,,-4.3,,84,,,M,,M,,,100.44,,,,,,
2019-02-07 06:00:00,2019-02-07 06:00,2019,2,7,06:00,-1.9,,-3.9,,87,,,M,,M,,,100.37,,,,,,
2019-02-07 07:00:00,2019-02-07 07:00,2019,2,7,07:00,-2.0,,-3.9,,87,,,M,,M,,,100.43,,,,,,
2019-02-07 08:00:00,2019-02-07 08:00,2019,2,7,08:00,-2.1,,-3.9,,88,,,M,,M,,,100.45,,,,,,
2019-02-07 09:00:00,2019-02-07 09:00,2019,2,7,09:00,-1.9,,-3.3,,90,,,M,,M,,,100.48,,,,,,
2019-02-07 10:00:00,2019-02-07 10:00,2019,2,7,10:00,-1.6,,-2.8,,92,,,M,,M,,,100.41,,,,,,
2019-02-07 11:00:00,2019-02-07 11:00,2019,2,7,11:00,-1.3,,-2.5,,92,,,M,,M,,,100.3,,,,,,
2019-02-07 12:00:00,2019-02-07 12:00,2019,2,7,12:00,-1.6,,-2.8,,91,,,M,,M,,,100.23,,,,,,
2019-02-07 13:00:00,2019-02-07 13:00,2019,2,7,13:00,-1.7,,-2.8,,92,,,M,,M,,,100.1,,,,,,
2019-02-07 14:00:00,2019-02-07 14:00,2019,2,7,14:00,-1.5,,-2.7,,91,,,M,,M,,,100.05,,,,,,
2019-02-07 15:00:00,2019-02-07 15:00,2019,2,7,15:00,-1.3,,-2.5,,92,,,M,,M,,,99.93,,,,,,
2019-02-07 16:00:00,2019-02-07 16:00,2019,2,7,16:00,-1.0,,-2.1,,92,,,M,,M,,,99.91,,,,,,
2019-02-07 17:00:00,2019-02-07 17:00,2019,2,7,17:00,-0.8,,-1.6,,94,,,M,,M,,,99.66,,,,,,
2019-02-07 18:00:00,2019-02-07 18:00,2019,2,7,18:00,-0.5,,-1.2,,95,,,M,,M,,,99.43,,,,,,
2019-02-07 19:00:00,2019-02-07 19:00,2019,2,7,19:00,0.4,,-0.2,,95,,,M,,M,,,99.13,,,,,,
2019-02-07 20:00:00,2019-02-07 20:00,2019,2,7,20:00,1.6,,0.9,,95,,,M,,M,,,98.88,,,,,,
2019-02-07 21:00:00,2019-02-07 21:00,2019,2,7,21:00,2.4,,1.6,,95,,,M,,M,,,98.7,,,,,,
2019-02-07 22:00:00,2019-02-07 22:00,2019,2,7,22:00,3.0,,2.1,,94,,,M,,M,,,98.73,,,,,,
2019-02-07 23:00:00,2019-02-07 23:00,2019,2,7,23:00,3.1,,2.2,,94,,,M,,M,,,98.62,,,,,,
2019-02-08 00:00:00,2019-02-08 00:00,2019,2,8,00:00,3.9,,3.0,,94,,,M,,M,,,98.57,,,,,,
2019-02-08 01:00:00,2019-02-08 01:00,2019,2,8,01:00,5.9,,5.0,,94,,,M,,M,,,98.58,,,,,,
2019-02-08 02:00:00,2019-02-08 02:00,2019,2,8,02:00,5.0,,4.1,,94,,,M,,M,,,98.74,,,,,,
2019-02-08 03:00:00,2019-02-08 03:00,2019,2,8,03:00,4.2,,0.6,,78,,,M,,M,,,98.99,,,,,,
2019-02-08 04:00:00,2019-02-08 04:00,2019,2,8,04:00,3.5,,-1.5,,70,,,M,,M,,,99.12,,,,,,
2019-02-08 05:00:00,2019-02-08 05:00,2019,2,8,05:00,2.8,,-2.4,,68,,,M,,M,,,99.27,,,,,,
2019-02-08 06:00:00,2019-02-08 06:00,2019,2,8,06:00,2.0,,-2.8,,70,,,M,,M,,,99.4,,,,,,
2019-02-08 07:00:00,2019-02-08 07:00,2019,2,8,07:00,0.6,,-6.3,,60,,,M,,M,,,99.61,,,,,,
2019-02-08 08:00:00,2019-02-08 08:00,2019,2,8,08:00,-1.0,,-7.7,,60,,,M,,M,,,99.81,,,,,,
2019-02-08 09:00:00,2019-02-08 09:00,2019,2,8,09:00,-1.7,,-10.5,,51,,,M,,M,,,99.97,,,,,,
2019-02-08 10:00:00,2019-02-08 10:00,2019,2,8,10:00,-2.8,,-9.4,,60,,,M,,M,,,100.12,,,,,,
2019-02-08 11:00:00,2019-02-08 11:00,2019,2,8,11:00,-3.6,,-10.6,,58,,,M,,M,,,100.25,,,,,,
2019-02-08 12:00:00,2019-02-08 12:00,2019,2,8,12:00,-3.6,,-12.5,,50,,,M,,M,,,100.36,,,,,,
2019-02-08 13:00:00,2019-02-08 13:00,2019,2,8,13:00,-3.7,,-11.4,,56,,,M,,M,,,100.42,,,,,,
2019-02-08 14:00:00,2019-02-08 14:00,2019,2,8,14:00,-3.6,,-12.5,,50,,,M,,M,,,100.5,,,,,,
2019-02-08 15:00:00,2019-02-08 15:00,2019,2,8,15:00,-3.8,,-11.4,,56,,,M,,M,,,100.55,,,,,,
2019-02-08 16:00:00,2019-02-08 16:00,2019,2,8,16:00,-5.2,,-8.2,,80,,,M,,M,,,100.71,,,,,,
2019-02-08 17:00:00,2019-02-08 17:00,2019,2,8,17:00,-5.4,,-13.2,,54,,,M,,M,,,100.84,,,,,,
2019-02-08 18:00:00,2019-02-08 18:00,2019,2,8,18:00,-6.7,,-11.2,,71,,,M,,M,,,100.98,,,,,,
2019-02-08 19:00:00,2019-02-08 19:00,2019,2,8,19:00,-7.0,,-13.4,,60,,,M,,M,,,101.13,,,,,,
2019-02-08 20:00:00,2019-02-08 20:00,2019,2,8,20:00,-7.5,,-14.5,,57,,,M,,M,,,101.24,,,,,,
2019-02-08 21:00:00,2019-02-08 21:00,2019,2,8,21:00,-7.8,,-15.5,,54,,,M,,M,,,101.36,,,,,,
2019-02-08 22:00:00,2019-02-08 22:00,2019,2,8,22:00,-8.3,,-13.6,,65,,,M,,M,,,101.49,,,,,,
2019-02-08 23:00:00,2019-02-08 23:00,2019,2,8,23:00,-8.3,,-16.6,,51,,,M,,M,,,101.62,,,,,,
2019-02-09 00:00:00,2019-02-09 00:00,2019,2,9,00:00,-8.6,,-15.6,,57,,,M,,M,,,101.71,,,,,,
2019-02-09 01:00:00,2019-02-09 01:00,2019,2,9,01:00,-8.3,,-16.4,,52,,,M,,M,,,101.83,,,,,,
2019-02-09 02:00:00,2019-02-09 02:00,2019,2,9,02:00,-8.6,,-14.4,,63,,,M,,M,,,101.91,,,,,,
2019-02-09 03:00:00,2019-02-09 03:00,2019,2,9,03:00,-8.8,,-14.4,,64,,,M,,M,,,102.03,,,,,,
2019-02-09 04:00:00,2019-02-09 04:00,2019,2,9,04:00,-8.6,,-14.0,,65,,,M,,M,,,102.1,,,,,,
2019-02-09 05:00:00,2019-02-09 05:00,2019,2,9,05:00,-8.4,,-13.7,,66,,,M,,M,,,102.2,,,,,,
2019-02-09 06:00:00,2019-02-09 06:00,2019,2,9,06:00,-8.0,,-13.4,,65,,,M,,M,,,102.27,,,,,,
2019-02-09 07:00:00,2019-02-09 07:00,2019,2,9,07:00,-7.8,,-13.3,,65,,,M,,M,,,102.36,,,,,,
2019-02-09 08:00:00,2019-02-09 08:00,2019,2,9,08:00,-6.9,,-13.1,,61,,,M,,M,,,102.49,,,,,,
2019-02-09 09:00:00,2019-02-09 09:00,2019,2,9,09:00,-6.4,,-12.4,,62,,,M,,M,,,102.61,,,,,,
2019-02-09 10:00:00,2019-02-09 10:00,2019,2,9,10:00,-5.8,,-12.2,,61,,,M,,M,,,102.68,,,,,,
2019-02-09 11:00:00,2019-02-09 11:00,2019,2,9,11:00,-5.1,,-10.9,,64,,,M,,M,,,102.73,,,,,,
2019-02-09 12:00:00,2019-02-09 12:00,2019,2,9,12:00,-4.1,,-12.2,,53,,,M,,M,,,102.72,,,,,,
2019-02-09 13:00:00,2019-02-09 13:00,2019,2,9,13:00,-3.9,,-12.6,,51,,,M,,M,,,102.66,,,,,,
2019-02-09 14:00:00,2019-02-09 14:00,2019,2,9,14:00,-3.7,,-12.5,,51,,,M,,M,,,102.63,,,,,,
2019-02-09 15:00:00,2019-02-09 15:00,2019,2,9,15:00,-3.3,,-12.7,,48,,,M,,M,,,102.63,,,,,,
2019-02-09 16:00:00,2019-02-09 16:00,2019,2,9,16:00,-3.4,,-11.9,,51,,,M,,M,,,102.63,,,,,,
2019-02-09 17:00:00,2019-02-09 17:00,2019,2,9,17:00,-3.9,,-12.3,,52,,,M,,M,,,102.6,,,,,,
2019-02-09 18:00:00,2019-02-09 18:00,2019,2,9,18:00,-4.2,,-12.4,,53,,,M,,M,,,102.61,,,,,,
2019-02-09 19:00:00,2019-02-09 19:00,2019,2,9,19:00,-4.4,,-10.2,,64,,,M,,M,,,102.64,,,,,,
2019-02-09 20:00:00,2019-02-09 20:00,2019,2,9,20:00,-4.9,,-10.4,,65,,,M,,M,,,102.7,,,,,,
2019-02-09 21:00:00,2019-02-09 21:00,2019,2,9,21:00,-5.3,,-11.8,,60,,,M,,M,,,102.67,,,,,,
2019-02-09 22:00:00,2019-02-09 22:00,2019,2,9,22:00,-6.0,,-12.0,,63,,,M,,M,,,102.7,,,,,,
2019-02-09 23:00:00,2019-02-09 23:00,2019,2,9,23:00,-6.7,,-12.2,,65,,,M,,M,,,102.66,,,,,,
2019-02-10 00:00:00,2019-02-10 00:00,2019,2,10,00:00,-7.3,,-12.6,,65,,,M,,M,,,102.59,,,,,,
2019-02-10 01:00:00,2019-02-10 01:00,2019,2,10,01:00,-7.5,,-12.5,,67,,,M,,M,,,102.56,,,,,,
2019-02-10 02:00:00,2019-02-10 02:00,2019,2,10,02:00,-7.5,,-12.8,,66,,,M,,M,,,102.51,,,,,,
2019-02-10 03:00:00,2019-02-10 03:00,2019,2,10,03:00,-7.4,,-13.0,,64,,,M,,M,,,102.51,,,,,,
2019-02-10 04:00:00,2019-02-10 04:00,2019,2,10,04:00,-7.4,,-12.9,,65,,,M,,M,,,102.51,,,,,,
2019-02-10 05:00:00,2019-02-10 05:00,2019,2,10,05:00,-7.6,,-12.8,,66,,,M,,M,,,102.47,,,,,,
2019-02-10 06:00:00,2019-02-10 06:00,2019,2,10,06:00,-7.6,,-12.4,,68,,,M,,M,,,102.42,,,,,,
2019-02-10 07:00:00,2019-02-10 07:00,2019,2,10,07:00,-7.7,,-12.2,,70,,,M,,M,,,102.36,,,,,,
2019-02-10 08:00:00,2019-02-10 08:00,2019,2,10,08:00,-7.5,,-11.7,,72,,,M,,M,,,102.32,,,,,,
2019-02-10 09:00:00,2019-02-10 09:00,2019,2,10,09:00,-6.5,,-11.6,,67,,,M,,M,,,102.32,,,,,,
2019-02-10 10:00:00,2019-02-10 10:00,2019,2,10,10:00,-5.3,,-11.5,,61,,,M,,M,,,102.24,,,,,,
2019-02-10 11:00:00,2019-02-10 11:00,2019,2,10,11:00,-4.3,,-12.1,,54,,,M,,M,,,102.18,,,,,,
2019-02-10 12:00:00,2019-02-10 12:00,2019,2,10,12:00,-3.2,,-10.7,,56,,,M,,M,,,102.17,,,,,,
2019-02-10 13:00:00,2019-02-10 13:00,2019,2,10,13:00,-3.7,,-10.7,,58,,,M,,M,,,102.08,,,,,,
2019-02-10 14:00:00,2019-02-10 14:00,2019,2,10,14:00,-3.6,,-10.6,,58,,,M,,M,,,101.88,,,,,,
2019-02-10 15:00:00,2019-02-10 15:00,2019,2,10,15:00,-2.6,,-11.5,,51,,,M,,M,,,101.79,,,,,,
2019-02-10 16:00:00,2019-02-10 16:00,2019,2,10,16:00,-3.3,,-10.4,,58,,,M,,M,,,101.74,,,,,,
2019-02-10 17:00:00,2019-02-10 17:00,2019,2,10,17:00,-3.1,,-10.1,,58,,,M,,M,,,101.65,,,,,,
2019-02-10 18:00:00,2019-02-10 18:00,2019,2,10,18:00,-3.3,,-9.6,,62,,,M,,M,,,101.64,,,,,,
2019-02-10 19:00:00,2019-02-10 19:00,2019,2,10,19:00,-3.4,,-9.8,,61,,,M,,M,,,101.6,,,,,,
2019-02-10 20:00:00,2019-02-10 20:00,2019,2,10,20:00,-3.2,,-9.7,,60,,,M,,M,,,101.53,,,,,,
2019-02-10 21:00:00,2019-02-10 21:00,2019,2,10,21:00,-3.9,,-7.7,,75,,,M,,M,,,101.51,,,,,,
2019-02-10 22:00:00,2019-02-10 22:00,2019,2,10,22:00,-4.1,,-6.0,,87,,,M,,M,,,101.43,,,,,,
2019-02-10 23:00:00,2019-02-10 23:00,2019,2,10,23:00,-4.3,,-6.4,,85,,,M,,M,,,101.38,,,,,,
2019-02-11 00:00:00,2019-02-11 00:00,2019,2,11,00:00,-4.2,,-6.6,,84,,,M,,M,,,101.29,,,,,,
2019-02-11 01:00:00,2019-02-11 01:00,2019,2,11,01:00,-4.2,,-6.7,,83,,,M,,M,,,101.24,,,,,,
2019-02-11 02:00:00,2019-02-11 02:00,2019,2,11,02:00,-4.2,,-6.6,,83,,,M,,M,,,101.24,,,,,,
2019-02-11 03:00:00,2019-02-11 03:00,2019,2,11,03:00,-4.4,,-6.7,,84,,,M,,M,,,101.21,,,,,,
2019-02-11 04:00:00,2019-02-11 04:00,2019,2,11,04:00,-4.6,,-6.9,,84,,,M,,M,,,101.17,,,,,,
2019-02-11 05:00:00,2019-02-11 05:00,2019,2,11,05:00,-4.6,,-7.1,,82,,,M,,M,,,101.21,,,,,,
2019-02-11 06:00:00,2019-02-11 06:00,2019,2,11,06:00,-4.6,,-7.4,,80,,,M,,M,,,101.23,,,,,,
2019-02-11 07:00:00,2019-02-11 07:00,2019,2,11,07:00,-4.5,,-7.7,,78,,,M,,M,,,101.27,,,,,,
2019-02-11 08:00:00,2019-02-11 08:00,2019,2,11,08:00,-4.7,,-7.6,,80,,,M,,M,,,101.33,,,,,,
2019-02-11 09:00:00,2019-02-11 09:00,2019,2,11,09:00,-4.5,,-7.5,,80,,,M,,M,,,101.36,,,,,,
2019-02-11 10:00:00,2019-02-11 10:00,2019,2,11,10:00,-4.3,,-7.8,,77,,,M,,M,,,101.39,,,,,,
2019-02-11 11:00:00,2019-02-11 11:00,2019,2,11,11:00,-4.1,,-8.0,,75,,,M,,M,,,101.4,,,,,,
2019-02-11 12:00:00,2019-02-11 12:00,2019,2,11,12:00,-3.8,,-8.4,,70,,,M,,M,,,101.42,,,,,,
2019-02-11 13:00:00,2019-02-11 13:00,2019,2,11,13:00,-3.6,,-9.2,,65,,,M,,M,,,101.39,,,,,,
2019-02-11 14:00:00,2019-02-11 14:00,2019,2,11,14:00,-3.1,,-9.3,,62,,,M,,M,,,101.36,,,,,,
2019-02-11 15:00:00,2019-02-11 15:00,2019,2,11,15:00,-3.4,,-10.0,,60,,,M,,M,,,101.34,,,,,,
2019-02-11 16:00:00,2019-02-11 16:00,2019,2,11,16:00,-3.2,,-10.3,,58,,,M,,M,,,101.38,,,,,,
2019-02-11 17:00:00,2019-02-11 17:00,2019,2,11,17:00,-3.2,,-10.5,,57,,,M,,M,,,101.38,,,,,,
2019-02-11 18:00:00,2019-02-11 18:00,2019,2,11,18:00,-3.1,,-9.9,,60,,,M,,M,,,101.46,,,,,,
2019-02-11 19:00:00,2019-02-11 19:00,2019,2,11,19:00,-3.3,,-11.2,,54,,,M,,M,,,101.53,,,,,,
2019-02-11 20:00:00,2019-02-11 20:00,2019,2,11,20:00,-3.6,,-11.6,,54,,,M,,M,,,101.5,,,,,,
2019-02-11 21:00:00,2019-02-11 21:00,2019,2,11,21:00,-3.4,,-11.7,,53,,,M,,M,,,101.47,,,,,,
2019-02-11 22:00:00,2019-02-11 22:00,2019,2,11,22:00,-3.5,,-12.4,,50,,,M,,M,,,101.51,,,,,,
2019-02-11 23:00:00,2019-02-11 23:00,2019,2,11,23:00,-4.2,,-12.4,,53,,,M,,M,,,101.45,,,,,,
2019-02-12 00:00:00,2019-02-12 00:00,2019,2,12,00:00,-4.6,,-12.1,,56,,,M,,M,,,101.4,,,,,,
2019-02-12 01:00:00,2019-02-12 01:00,2019,2,12,01:00,-5.0,,-11.2,,62,,,M,,M,,,101.37,,,,,,
2019-02-12 02:00:00,2019-02-12 02:00,2019,2,12,02:00,-5.3,,-10.8,,65,,,M,,M,,,101.32,,,,,,
2019-02-12 03:00:00,2019-02-12 03:00,2019,2,12,03:00,-5.5,,-11.1,,65,,,M,,M,,,101.16,,,,,,
2019-02-12 04:00:00,2019-02-12 04:00,2019,2,12,04:00,-5.7,,-10.7,,68,,,M,,M,,,101.04,,,,,,
2019-02-12 05:00:00,2019-02-12 05:00,2019,2,12,05:00,-5.9,,-10.4,,70,,,M,,M,,,100.93,,,,,,
2019-02-12 06:00:00,2019-02-12 06:00,2019,2,12,06:00,-5.9,,-10.1,,72,,,M,,M,,,100.78,,,,,,
2019-02-12 07:00:00,2019-02-12 07:00,2019,2,12,07:00,-5.6,,-9.7,,73,,,M,,M,,,100.71,,,,,,
2019-02-12 08:00:00,2019-02-12 08:00,2019,2,12,08:00,-5.5,,-7.1,,89,,,M,,M,,,100.56,,,,,,
2019-02-12 09:00:00,2019-02-12 09:00,2019,2,12,09:00,-5.3,,-6.5,,91,,,M,,M,,,100.43,,,,,,
2019-02-12 10:00:00,2019-02-12 10:00,2019,2,12,10:00,-5.1,,-6.0,,93,,,M,,M,,,100.19,,,,,,
2019-02-12 11:00:00,2019-02-12 11:00,2019,2,12,11:00,-4.5,,-5.4,,93,,,M,,M,,,99.96,,,,,,
2019-02-12 12:00:00,2019-02-12 12:00,2019,2,12,12:00,-3.9,,-4.8,,93,,,M,,M,,,99.81,,,,,,
2019-02-12 13:00:00,2019-02-12 13:00,2019,2,12,13:00,-3.0,,-3.9,,94,,,M,,M,,,99.45,,,,,,
2019-02-12 14:00:00,2019-02-12 14:00,2019,2,12,14:00,-1.5,,-2.3,,95,,,M,,M,,,99.37,,,,,,
2019-02-12 15:00:00,2019-02-12 15:00,2019,2,12,15:00,-1.0,,-1.7,,95,,,M,,M,,,99.21,,,,,,
2019-02-12 16:00:00,2019-02-12 16:00,2019,2,12,16:00,-0.8,,-1.5,,95,,,M,,M,,,99.03,,,,,,
2019-02-12 17:00:00,2019-02-12 17:00,2019,2,12,17:00,-0.6,,-1.4,,95,,,M,,M,,,98.88,,,,,,
2019-02-12 18:00:00,2019-02-12 18:00,2019,2,12,18:00,-0.5,,-1.3,,95,,,M,,M,,,98.77,,,,,,
2019-02-12 19:00:00,2019-02-12 19:00,2019,2,12,19:00,-0.3,,-1.1,,95,,,M,,M,,,98.73,,,,,,
2019-02-12 20:00:00,2019-02-12 20:00,2019,2,12,20:00,-0.2,,-0.9,,95,,,M,,M,,,98.56,,,,,,
2019-02-12 21:00:00,2019-02-12 21:00,2019,2,12,21:00,0.2,,-0.5,,95,,,M,,M,,,98.45,,,,,,
2019-02-12 22:00:00,2019-02-12 22:00,2019,2,12,22:00,0.5,,0.0,,96,,,M,,M,,,98.36,,,,,,
2019-02-12 23:00:00,2019-02-12 23:00,2019,2,12,23:00,0.7,,0.1,,96,,,M,,M,,,98.27,,,,,,
2019-02-13 00:00:00,2019-02-13 00:00,2019,2,13,00:00,1.3,,0.7,,96,,,M,,M,,,98.29,,,,,,
2019-02-13 01:00:00,2019-02-13 01:00,2019,2,13,01:00,1.5,,0.7,,94,,,M,,M,,,98.3,,,,,,
2019-02-13 02:00:00,2019-02-13 02:00,2019,2,13,02:00,0.9,,-1.4,,85,,,M,,M,,,98.34,,,,,,
2019-02-13 03:00:00,2019-02-13 03:00,2019,2,13,03:00,0.6,,-2.9,,77,,,M,,M,,,98.34,,,,,,
2019-02-13 04:00:00,2019-02-13 04:00,2019,2,13,04:00,-0.1,,-3.3,,79,,,M,,M,,,98.35,,,,,,
2019-02-13 05:00:00,2019-02-13 05:00,2019,2,13,05:00,-0.7,,-3.0,,84,,,M,,M,,,98.39,,,,,,
2019-02-13 06:00:00,2019-02-13 06:00,2019,2,13,06:00,-0.9,,-3.9,,80,,,M,,M,,,98.42,,,,,,
2019-02-13 07:00:00,2019-02-13 07:00,2019,2,13,07:00,-1.2,,-3.9,,82,,,M,,M,,,98.45,,,,,,
2019-02-13 08:00:00,2019-02-13 08:00,2019,2,13,08:00,-1.8,,-3.6,,87,,,M,,M,,,98.49,,,,,,
2019-02-13 09:00:00,2019-02-13 09:00,2019,2,13,09:00,-2.5,,-3.5,,93,,,M,,M,,,98.55,,,,,,
2019-02-13 10:00:00,2019-02-13 10:00,2019,2,13,10:00,-2.5,,-4.2,,88,,,M,,M,,,98.56,,,,,,
2019-02-13 11:00:00,2019-02-13 11:00,2019,2,13,11:00,-2.6,,-4.9,,84,,,M,,M,,,98.63,,,,,,
2019-02-13 12:00:00,2019-02-13 12:00,2019,2,13,12:00,-2.1,,-5.5,,77,,,M,,M,,,98.67,,,,,,
2019-02-13 13:00:00,2019-02-13 13:00,2019,2,13,13:00,-4.3,,-5.9,,89,,,M,,M,,,98.73,,,,,,
2019-02-13 14:00:00,2019-02-13 14:00,2019,2,13,14:00,-2.7,,-8.8,,63,,,M,,M,,,98.76,,,,,,
2019-02-13 15:00:00,2019-02-13 15:00,2019,2,13,15:00,-2.6,,-8.6,,63,,,M,,M,,,98.82,,,,,,
2019-02-13 16:00:00,2019-02-13 16:00,2019,2,13,16:00,-2.7,,-9.3,,60,,,M,,M,,,98.91,,,,,,
2019-02-13 17:00:00,2019-02-13 17:00,2019,2,13,17:00,-3.2,,-8.7,,66,,,M,,M,,,99.0,,,,,,
2019-02-13 18:00:00,2019-02-13 18:00,2019,2,13,18:00,-3.3,,-7.7,,72,,,M,,M,,,99.06,,,,,,
2019-02-13 19:00:00,2019-02-13 19:00,2019,2,13,19:00,-3.4,,-8.6,,67,,,M,,M,,,99.16,,,,,,
2019-02-13 20:00:00,2019-02-13 20:00,2019,2,13,20:00,-3.5,,-8.5,,68,,,M,,M,,,99.25,,,,,,
2019-02-13 21:00:00,2019-02-13 21:00,2019,2,13,21:00,-3.5,,-8.3,,69,,,M,,M,,,99.33,,,,,,
2019-02-13 22:00:00,2019-02-13 22:00,2019,2,13,22:00,-3.6,,-7.7,,73,,,M,,M,,,99.42,,,,,,
2019-02-13 23:00:00,2019-02-13 23:00,2019,2,13,23:00,-3.6,,-7.4,,75,,,M,,M,,,99.51,,,,,,
2019-02-14 00:00:00,2019-02-14 00:00,2019,2,14,00:00,-3.8,,-7.2,,77,,,M,,M,,,99.56,,,,,,
2019-02-14 01:00:00,2019-02-14 01:00,2019,2,14,01:00,-3.7,,-7.4,,76,,,M,,M,,,99.61,,,,,,
2019-02-14 02:00:00,2019-02-14 02:00,2019,2,14,02:00,-3.7,,-7.4,,75,,,M,,M,,,99.72,,,,,,
2019-02-14 03:00:00,2019-02-14 03:00,2019,2,14,03:00,-3.5,,-7.3,,75,,,M,,M,,,99.76,,,,,,
2019-02-14 04:00:00,2019-02-14 04:00,2019,2,14,04:00,-2.9,,-7.7,,69,,,M,,M,,,99.84,,,,,,
2019-02-14 05:00:00,2019-02-14 05:00,2019,2,14,05:00,-2.7,,-7.2,,71,,,M,,M,,,99.95,,,,,,
2019-02-14 06:00:00,2019-02-14 06:00,2019,2,14,06:00,-2.6,,-6.5,,74,,,M,,M,,,100.01,,,,,,
2019-02-14 07:00:00,2019-02-14 07:00,2019,2,14,07:00,-2.2,,-5.9,,76,,,M,,M,,,100.03,,,,,,
2019-02-14 08:00:00,2019-02-14 08:00,2019,2,14,08:00,-2.2,,-6.9,,71,,,M,,M,,,100.07,,,,,,
2019-02-14 09:00:00,2019-02-14 09:00,2019,2,14,09:00,-2.3,,-7.1,,69,,,M,,M,,,100.11,,,,,,
2019-02-14 10:00:00,2019-02-14 10:00,2019,2,14,10:00,-2.3,,-7.3,,69,,,M,,M,,,100.05,,,,,,
2019-02-14 11:00:00,2019-02-14 11:00,2019,2,14,11:00,-1.4,,-6.9,,66,,,M,,M,,,100.01,,,,,,
2019-02-14 12:00:00,2019-02-14 12:00,2019,2,14,12:00,-0.6,,-7.6,,59,,,M,,M,,,99.9,,,,,,
2019-02-14 13:00:00,2019-02-14 13:00,2019,2,14,13:00,-1.0,,-5.6,,71,,,M,,M,,,99.83,,,,,,
2019-02-14 14:00:00,2019-02-14 14:00,2019,2,14,14:00,-0.6,,-4.9,,73,,,M,,M,,,99.74,,,,,,
2019-02-14 15:00:00,2019-02-14 15:00,2019,2,14,15:00,0.1,,-4.2,,73,,,M,,M,,,99.71,,,,,,
2019-02-14 16:00:00,2019-02-14 16:00,2019,2,14,16:00,0.5,,-3.9,,72,,,M,,M,,,99.59,,,,,,
2019-02-14 17:00:00,2019-02-14 17:00,2019,2,14,17:00,0.5,,-3.7,,73,,,M,,M,,,99.5,,,,,,
2019-02-14 18:00:00,2019-02-14 18:00,2019,2,14,18:00,0.7,,-2.9,,77,,,M,,M,,,99.45,,,,,,
2019-02-14 19:00:00,2019-02-14 19:00,2019,2,14,19:00,0.9,,-2.2,,80,,,M,,M,,,99.38,,,,,,
2019-02-14 20:00:00,2019-02-14 20:00,2019,2,14,20:00,1.2,,-1.5,,82,,,M,,M,,,99.29,,,,,,
2019-02-14 21:00:00,2019-02-14 21:00,2019,2,14,21:00,1.8,,-0.8,,83,,,M,,M,,,99.16,,,,,,
2019-02-14 22:00:00,2019-02-14 22:00,2019,2,14,22:00,2.1,,-0.7,,82,,,M,,M,,,99.05,,,,,,
2019-02-14 23:00:00,2019-02-14 23:00,2019,2,14,23:00,1.8,,-0.6,,84,,,M,,M,,,98.95,,,,,,
2019-02-15 00:00:00,2019-02-15 00:00,2019,2,15,00:00,2.0,,-0.5,,83,,,M,,M,,,98.79,,,,,,
2019-02-15 01:00:00,2019-02-15 01:00,2019,2,15,01:00,2.1,,-0.3,,84,,,M,,M,,,98.65,,,,,,
2019-02-15 02:00:00,2019-02-15 02:00,2019,2,15,02:00,2.7,,-0.6,,79,,,M,,M,,,98.57,,,,,,
2019-02-15 03:00:00,2019-02-15 03:00,2019,2,15,03:00,3.0,,-0.6,,78,,,M,,M,,,98.46,,,,,,
2019-02-15 04:00:00,2019-02-15 04:00,2019,2,15,04:00,2.7,,0.6,,86,,,M,,M,,,98.31,,,,,,
2019-02-15 05:00:00,2019-02-15 05:00,2019,2,15,05:00,3.6,,1.1,,84,,,M,,M,,,98.25,,,,,,
2019-02-15 06:00:00,2019-02-15 06:00,2019,2,15,06:00,3.3,,1.2,,86,,,M,,M,,,98.21,,,,,,
2019-02-15 07:00:00,2019-02-15 07:00,2019,2,15,07:00,3.5,,1.7,,88,,,M,,M,,,98.17,,,,,,
2019-02-15 08:00:00,2019-02-15 08:00,2019,2,15,08:00,3.4,,1.8,,89,,,M,,M,,,98.22,,,,,,
2019-02-15 09:00:00,2019-02-15 09:00,2019,2,15,09:00,4.0,,0.9,,80,,,M,,M,,,98.32,,,,,,
2019-02-15 10:00:00,2019-02-15 10:00,2019,2,15,10:00,3.4,,-2.9,,63,,,M,,M,,,98.39,,,,,,
2019-02-15 11:00:00,2019-02-15 11:00,2019,2,15,11:00,2.7,,-3.7,,63,,,M,,M,,,98.47,,,,,,
2019-02-15 12:00:00,2019-02-15 12:00,2019,2,15,12:00,2.5,,-4.3,,61,,,M,,M,,,98.53,,,,,,
2019-02-15 13:00:00,2019-02-15 13:00,2019,2,15,13:00,1.3,,-4.6,,65,,,M,,M,,,98.61,,,,,,
2019-02-15 14:00:00,2019-02-15 14:00,2019,2,15,14:00,0.4,,-7.2,,57,,,M,,M,,,98.68,,,,,,
2019-02-15 15:00:00,2019-02-15 15:00,2019,2,15,15:00,-0.1,,-6.7,,61,,,M,,M,,,98.8,,,,,,
2019-02-15 16:00:00,2019-02-15 16:00,2019,2,15,16:00,-1.2,,-8.4,,58,,,M,,M,,,99.0,,,,,,
2019-02-15 17:00:00,2019-02-15 17:00,2019,2,15,17:00,-1.7,,-8.4,,60,,,M,,M,,,99.13,,,,,,
2019-02-15 18:00:00,2019-02-15 18:00,2019,2,15,18:00,-2.2,,-8.5,,62,,,M,,M,,,99.29,,,,,,
2019-02-15 19:00:00,2019-02-15 19:00,2019,2,15,19:00,-2.6,,-9.0,,61,,,M,,M,,,99.35,,,,,,
2019-02-15 20:00:00,2019-02-15 20:00,2019,2,15,20:00,-2.9,,-9.3,,62,,,M,,M,,,99.4,,,,,,
2019-02-15 21:00:00,2019-02-15 21:00,2019,2,15,21:00,-3.1,,-9.0,,64,,,M,,M,,,99.45,,,,,,
2019-02-15 22:00:00,2019-02-15 22:00,2019,2,15,22:00,-3.1,,-8.6,,66,,,M,,M,,,99.47,,,,,,
2019-02-15 23:00:00,2019-02-15 23:00,2019,2,15,23:00,-2.9,,-8.1,,67,,,M,,M,,,99.49,,,,,,
2019-02-16 00:00:00,2019-02-16 00:00,2019,2,16,00:00,-2.7,,-7.4,,70,,,M,,M,,,99.5,,,,,,
2019-02-16 01:00:00,2019-02-16 01:00,2019,2,16,01:00,-2.6,,-6.4,,75,,,M,,M,,,99.57,,,,,,
2019-02-16 02:00:00,2019-02-16 02:00,2019,2,16,02:00,-2.3,,-5.6,,78,,,M,,M,,,99.66,,,,,,
2019-02-16 03:00:00,2019-02-16 03:00,2019,2,16,03:00,-2.5,,-7.2,,70,,,M,,M,,,99.75,,,,,,
2019-02-16 04:00:00,2019-02-16 04:00,2019,2,16,04:00,-3.3,,-10.4,,58,,,M,,M,,,99.83,,,,,,
2019-02-16 05:00:00,2019-02-16 05:00,2019,2,16,05:00,-4.3,,-10.5,,62,,,M,,M,,,99.92,,,,,,
2019-02-16 06:00:00,2019-02-16 06:00,2019,2,16,06:00,-5.0,,-10.4,,66,,,M,,M,,,100.01,,,,,,
2019-02-16 07:00:00,2019-02-16 07:00,2019,2,16,07:00,-5.3,,-9.7,,71,,,M,,M,,,100.11,,,,,,
2019-02-16 08:00:00,2019-02-16 08:00,2019,2,16,08:00,-5.9,,-10.3,,71,,,M,,M,,,100.21,,,,,,
2019-02-16 09:00:00,2019-02-16 09:00,2019,2,16,09:00,-5.6,,-10.1,,71,,,M,,M,,,100.29,,,,,,
2019-02-16 10:00:00,2019-02-16 10:00,2019,2,16,10:00,-5.2,,-10.0,,69,,,M,,M,,,100.29,,,,,,
2019-02-16 11:00:00,2019-02-16 11:00,2019,2,16,11:00,-4.5,,-9.7,,67,,,M,,M,,,100.36,,,,,,
2019-02-16 12:00:00,2019-02-16 12:00,2019,2,16,12:00,-3.8,,-11.1,,57,,,M,,M,,,100.39,,,,,,
2019-02-16 13:00:00,2019-02-16 13:00,2019,2,16,13:00,-3.9,,-12.3,,52,,,M,,M,,,100.35,,,,,,
2019-02-16 14:00:00,2019-02-16 14:00,2019,2,16,14:00,-3.1,,-12.0,,50,,,M,,M,,,100.33,,,,,,
2019-02-16 15:00:00,2019-02-16 15:00,2019,2,16,15:00,-2.9,,-11.5,,52,,,M,,M,,,100.36,,,,,,
2019-02-16 16:00:00,2019-02-16 16:00,2019,2,16,16:00,-2.8,,-11.4,,52,,,M,,M,,,100.45,,,,,,
2019-02-16 17:00:00,2019-02-16 17:00,2019,2,16,17:00,-3.1,,-11.7,,51,,,M,,M,,,100.48,,,,,,
2019-02-16 18:00:00,2019-02-16 18:00,2019,2,16,18:00,-3.5,,-11.1,,55,,,M,,M,,,100.53,,,,,,
2019-02-16 19:00:00,2019-02-16 19:00,2019,2,16,19:00,-5.0,,-10.9,,63,,,M,,M,,,100.6,,,,,,
2019-02-16 20:00:00,2019-02-16 20:00,2019,2,16,20:00,-5.1,,-10.5,,66,,,M,,M,,,100.61,,,,,,
2019-02-16 21:00:00,2019-02-16 21:00,2019,2,16,21:00,-5.4,,-10.6,,67,,,M,,M,,,100.61,,,,,,
2019-02-16 22:00:00,2019-02-16 22:00,2019,2,16,22:00,-5.4,,-10.3,,68,,,M,,M,,,100.64,,,,,,
2019-02-16 23:00:00,2019-02-16 23:00,2019,2,16,23:00,-6.2,,-10.5,,71,,,M,,M,,,100.71,,,,,,
2019-02-17 00:00:00,2019-02-17 00:00,2019,2,17,00:00,-7.0,,-11.2,,72,,,M,,M,,,100.69,,,,,,
2019-02-17 01:00:00,2019-02-17 01:00,2019,2,17,01:00,-7.9,,-12.3,,71,,,M,,M,,,100.74,,,,,,
2019-02-17 02:00:00,2019-02-17 02:00,2019,2,17,02:00,-8.0,,-12.6,,70,,,M,,M,,,100.75,,,,,,
2019-02-17 03:00:00,2019-02-17 03:00,2019,2,17,03:00,-8.6,,-12.6,,73,,,M,,M,,,100.74,,,,,,
2019-02-17 04:00:00,2019-02-17 04:00,2019,2,17,04:00,-9.1,,-12.8,,74,,,M,,M,,,100.71,,,,,,
2019-02-17 05:00:00,2019-02-17 05:00,2019,2,17,05:00,-9.4,,-13.4,,73,,,M,,M,,,100.74,,,,,,
2019-02-17 06:00:00,2019-02-17 06:00,2019,2,17,06:00,-9.5,,-13.8,,71,,,M,,M,,,100.78,,,,,,
2019-02-17 07:00:00,2019-02-17 07:00,2019,2,17,07:00,-9.7,,-14.4,,68,,,M,,M,,,100.77,,,,,,
2019-02-17 08:00:00,2019-02-17 08:00,2019,2,17,08:00,-9.4,,-14.7,,65,,,M,,M,,,100.76,,,,,,
2019-02-17 09:00:00,2019-02-17 09:00,2019,2,17,09:00,-8.7,,-13.8,,67,,,M,,M,,,100.73,,,,,,
2019-02-17 10:00:00,2019-02-17 10:00,2019,2,17,10:00,-7.4,,-12.5,,67,,,M,,M,,,100.68,,,,,,
2019-02-17 11:00:00,2019-02-17 11:00,2019,2,17,11:00,-6.3,,-11.0,,69,,,M,,M,,,100.65,,,,,,
2019-02-17 12:00:00,2019-02-17 12:00,2019,2,17,12:00,-6.1,,-10.0,,74,,,M,,M,,,100.59,,,,,,
2019-02-17 13:00:00,2019-02-17 13:00,2019,2,17,13:00,-5.4,,-8.9,,76,,,M,,M,,,100.5,,,,,,
2019-02-17 14:00:00,2019-02-17 14:00,2019,2,17,14:00,-5.8,,-9.6,,74,,,M,,M,,,100.42,,,,,,
2019-02-17 15:00:00,2019-02-17 15:00,2019,2,17,15:00,-5.8,,-9.9,,73,,,M,,M,,,100.34,,,,,,
2019-02-17 16:00:00,2019-02-17 16:00,2019,2,17,16:00,-5.8,,-10.5,,69,,,M,,M,,,100.28,,,,,,
2019-02-17 17:00:00,2019-02-17 17:00,2019,2,17,17:00,-5.7,,-11.1,,65,,,M,,M,,,100.13,,,,,,
2019-02-17 18:00:00,2019-02-17 18:00,2019,2,17,18:00,-5.7,,-12.4,,60,,,M,,M,,,100.13,,,,,,
2019-02-17 19:00:00,2019-02-17 19:00,2019,2,17,19:00,-5.6,,-13.1,,55,,,M,,M,,,100.09,,,,,,
2019-02-17 20:00:00,2019-02-17 20:00,2019,2,17,20:00,-5.9,,-14.6,,50,,,M,,M,,,99.97,,,,,,
2019-02-17 21:00:00,2019-02-17 21:00,2019,2,17,21:00,-5.8,,-14.5,,50,,,M,,M,,,99.97,,,,,,
2019-02-17 22:00:00,2019-02-17 22:00,2019,2,17,22:00,-5.8,,-14.5,,50,,,M,,M,,,99.96,,,,,,
2019-02-17 23:00:00,2019-02-17 23:00,2019,2,17,23:00,-6.0,,-14.9,,50,,,M,,M,,,99.87,,,,,,
2019-02-18 00:00:00,2019-02-18 00:00,2019,2,18,00:00,-7.2,,-11.3,,72,,,M,,M,,,99.83,,,,,,
2019-02-18 01:00:00,2019-02-18 01:00,2019,2,18,01:00,-7.8,,-10.4,,81,,,M,,M,,,99.84,,,,,,
2019-02-18 02:00:00,2019-02-18 02:00,2019,2,18,02:00,-7.6,,-10.9,,77,,,M,,M,,,99.86,,,,,,
2019-02-18 03:00:00,2019-02-18 03:00,2019,2,18,03:00,-7.8,,-10.9,,79,,,M,,M,,,99.84,,,,,,
2019-02-18 04:00:00,2019-02-18 04:00,2019,2,18,04:00,-8.3,,-10.8,,83,,,M,,M,,,99.85,,,,,,
2019-02-18 05:00:00,2019-02-18 05:00,2019,2,18,05:00,-8.6,,-11.0,,83,,,M,,M,,,99.9,,,,,,
2019-02-18 06:00:00,2019-02-18 06:00,2019,2,18,06:00,-8.6,,-11.1,,82,,,M,,M,,,99.96,,,,,,
2019-02-18 07:00:00,2019-02-18 07:00,2019,2,18,07:00,-8.7,,-11.3,,82,,,M,,M,,,100.08,,,,,,
2019-02-18 08:00:00,2019-02-18 08:00,2019,2,18,08:00,-8.6,,-11.4,,80,,,M,,M,,,100.21,,,,,,
2019-02-18 09:00:00,2019-02-18 09:00,2019,2,18,09:00,-8.1,,-11.3,,78,,,M,,M,,,100.35,,,,,,
2019-02-18 10:00:00,2019-02-18 10:00,2019,2,18,10:00,-7.6,,-11.7,,72,,,M,,M,,,100.46,,,,,,
2019-02-18 11:00:00,2019-02-18 11:00,2019,2,18,11:00,-6.5,,-12.0,,65,,,M,,M,,,100.55,,,,,,
2019-02-18 12:00:00,2019-02-18 12:00,2019,2,18,12:00,-6.0,,-13.2,,57,,,M,,M,,,100.67,,,,,,
2019-02-18 13:00:00,2019-02-18 13:00,2019,2,18,13:00,-5.2,,-14.7,,47,,,M,,M,,,100.7,,,,,,
2019-02-18 14:00:00,2019-02-18 14:00,2019,2,18,14:00,-4.5,,-14.2,,47,,,M,,M,,,100.77,,,,,,
2019-02-18 15:00:00,2019-02-18 15:00,2019,2,18,15:00,-5.1,,-15.8,,43,,,M,,M,,,100.88,,,,,,
2019-02-18 16:00:00,2019-02-18 16:00,2019,2,18,16:00,-5.4,,-15.5,,45,,,M,,M,,,100.97,,,,,,
2019-02-18 17:00:00,2019-02-18 17:00,2019,2,18,17:00,-6.2,,-17.3,,41,,,M,,M,,,101.07,,,,,,
2019-02-18 18:00:00,2019-02-18 18:00,2019,2,18,18:00,-7.4,,-14.6,,57,,,M,,M,,,101.22,,,,,,
2019-02-18 19:00:00,2019-02-18 19:00,2019,2,18,19:00,-8.5,,-14.5,,62,,,M,,M,,,101.39,,,,,,
2019-02-18 20:00:00,2019-02-18 20:00,2019,2,18,20:00,-9.2,,-14.7,,64,,,M,,M,,,101.53,,,,,,
2019-02-18 21:00:00,2019-02-18 21:00,2019,2,18,21:00,-9.7,,-15.2,,64,,,M,,M,,,101.64,,,,,,
2019-02-18 22:00:00,2019-02-18 22:00,2019,2,18,22:00,-10.1,,-15.1,,67,,,M,,M,,,101.71,,,,,,
2019-02-18 23:00:00,2019-02-18 23:00,2019,2,18,23:00,-10.4,,-16.0,,64,,,M,,M,,,101.78,,,,,,
2019-02-19 00:00:00,2019-02-19 00:00,2019,2,19,00:00,-11.3,,-16.3,,66,,,M,,M,,,101.85,,,,,,
2019-02-19 01:00:00,2019-02-19 01:00,2019,2,19,01:00,-11.4,,-16.1,,68,,,M,,M,,,101.93,,,,,,
2019-02-19 02:00:00,2019-02-19 02:00,2019,2,19,02:00,-11.2,,-16.0,,68,,,M,,M,,,101.99,,,,,,
2019-02-19 03:00:00,2019-02-19 03:00,2019,2,19,03:00,-12.2,,-16.4,,71,,,M,,M,,,102.03,,,,,,
2019-02-19 04:00:00,2019-02-19 04:00,2019,2,19,04:00,-12.2,,-16.2,,72,,,M,,M,,,102.03,,,,,,
2019-02-19 05:00:00,2019-02-19 05:00,2019,2,19,05:00,-12.0,,-15.8,,74,,,M,,M,,,102.09,,,,,,
2019-02-19 06:00:00,2019-02-19 06:00,2019,2,19,06:00,-11.0,,-14.9,,73,,,M,,M,,,102.16,,,,,,
2019-02-19 07:00:00,2019-02-19 07:00,2019,2,19,07:00,-10.2,,-14.2,,73,,,M,,M,,,102.21,,,,,,
2019-02-19 08:00:00,2019-02-19 08:00,2019,2,19,08:00,-9.2,,-13.4,,72,,,M,,M,,,102.27,,,,,,
2019-02-19 09:00:00,2019-02-19 09:00,2019,2,19,09:00,-7.7,,-12.6,,68,,,M,,M,,,102.33,,,,,,
2019-02-19 10:00:00,2019-02-19 10:00,2019,2,19,10:00,-6.1,,-12.6,,60,,,M,,M,,,102.38,,,,,,
2019-02-19 11:00:00,2019-02-19 11:00,2019,2,19,11:00,-5.4,,-13.2,,54,,,M,,M,,,102.38,,,,,,
2019-02-19 12:00:00,2019-02-19 12:00,2019,2,19,12:00,-4.2,,-13.9,,47,,,M,,M,,,102.38,,,,,,
2019-02-19 13:00:00,2019-02-19 13:00,2019,2,19,13:00,-3.8,,-11.7,,54,,,M,,M,,,102.34,,,,,,
2019-02-19 14:00:00,2019-02-19 14:00,2019,2,19,14:00,-3.1,,-12.6,,48,,,M,,M,,,102.27,,,,,,
2019-02-19 15:00:00,2019-02-19 15:00,2019,2,19,15:00,-3.4,,-12.3,,50,,,M,,M,,,102.21,,,,,,
2019-02-19 16:00:00,2019-02-19 16:00,2019,2,19,16:00,-3.7,,-12.4,,51,,,M,,M,,,102.19,,,,,,
2019-02-19 17:00:00,2019-02-19 17:00,2019,2,19,17:00,-3.8,,-12.4,,52,,,M,,M,,,102.16,,,,,,
2019-02-19 18:00:00,2019-02-19 18:00,2019,2,19,18:00,-4.1,,-11.8,,55,,,M,,M,,,102.18,,,,,,
2019-02-19 19:00:00,2019-02-19 19:00,2019,2,19,19:00,-4.6,,-11.2,,60,,,M,,M,,,102.19,,,,,,
2019-02-19 20:00:00,2019-02-19 20:00,2019,2,19,20:00,-5.3,,-11.0,,64,,,M,,M,,,102.13,,,,,,
2019-02-19 21:00:00,2019-02-19 21:00,2019,2,19,21:00,-5.4,,-10.5,,67,,,M,,M,,,102.07,,,,,,
2019-02-19 22:00:00,2019-02-19 22:00,2019,2,19,22:00,-5.8,,-10.7,,68,,,M,,M,,,102.06,,,,,,
2019-02-19 23:00:00,2019-02-19 23:00,2019,2,19,23:00,-6.4,,-10.8,,71,,,M,,M,,,102.06,,,,,,
2019-02-20 00:00:00,2019-02-20 00:00,2019,2,20,00:00,-6.7,,-11.1,,71,,,M,,M,,,102.04,,,,,,
2019-02-20 01:00:00,2019-02-20 01:00,2019,2,20,01:00,-6.4,,-10.8,,71,,,M,,M,,,102.0,,,,,,
2019-02-20 02:00:00,2019-02-20 02:00,2019,2,20,02:00,-6.3,,-11.8,,65,,,M,,M,,,101.98,,,,,,
2019-02-20 03:00:00,2019-02-20 03:00,2019,2,20,03:00,-6.5,,-12.2,,64,,,M,,M,,,101.94,,,,,,
2019-02-20 04:00:00,2019-02-20 04:00,2019,2,20,04:00,-6.4,,-12.4,,62,,,M,,M,,,101.85,,,,,,
2019-02-20 05:00:00,2019-02-20 05:00,2019,2,20,05:00,-5.3,,-10.8,,65,,,M,,M,,,101.78,,,,,,
2019-02-20 06:00:00,2019-02-20 06:00,2019,2,20,06:00,-5.7,,-10.7,,68,,,M,,M,,,101.79,,,,,,
2019-02-20 07:00:00,2019-02-20 07:00,2019,2,20,07:00,-5.5,,-10.2,,70,,,M,,M,,,101.69,,,,,,
2019-02-20 08:00:00,2019-02-20 08:00,2019,2,20,08:00,-4.4,,-8.4,,74,,,M,,M,,,101.63,,,,,,
2019-02-20 09:00:00,2019-02-20 09:00,2019,2,20,09:00,-2.6,,-7.4,,70,,,M,,M,,,101.48,,,,,,
2019-02-20 10:00:00,2019-02-20 10:00,2019,2,20,10:00,-2.2,,-7.8,,66,,,M,,M,,,101.33,,,,,,
2019-02-20 11:00:00,2019-02-20 11:00,2019,2,20,11:00,-1.5,,-8.7,,58,,,M,,M,,,101.27,,,,,,
2019-02-20 12:00:00,2019-02-20 12:00,2019,2,20,12:00,-0.8,,-8.1,,57,,,M,,M,,,101.18,,,,,,
2019-02-20 13:00:00,2019-02-20 13:00,2019,2,20,13:00,-0.4,,-6.7,,63,,,M,,M,,,100.9,,,,,,
2019-02-20 14:00:00,2019-02-20 14:00,2019,2,20,14:00,-0.4,,-7.2,,60,,,M,,M,,,100.69,,,,,,
2019-02-20 15:00:00,2019-02-20 15:00,2019,2,20,15:00,-0.5,,-6.1,,66,,,M,,M,,,100.63,,,,,,
2019-02-20 16:00:00,2019-02-20 16:00,2019,2,20,16:00,-0.8,,-4.1,,78,,,M,,M,,,100.45,,,,,,
2019-02-20 17:00:00,2019-02-20 17:00,2019,2,20,17:00,-0.9,,-3.1,,85,,,M,,M,,,100.3,,,,,,
2019-02-20 18:00:00,2019-02-20 18:00,2019,2,20,18:00,-0.5,,-2.2,,88,,,M,,M,,,100.22,,,,,,
2019-02-20 19:00:00,2019-02-20 19:00,2019,2,20,19:00,0.3,,-0.9,,92,,,M,,M,,,99.95,,,,,,
2019-02-20 20:00:00,2019-02-20 20:00,2019,2,20,20:00,0.7,,-1.4,,86,,,M,,M,,,99.78,,,,,,
2019-02-20 21:00:00,2019-02-20 21:00,2019,2,20,21:00,0.4,,-1.1,,90,,,M,,M,,,99.64,,,,,,
2019-02-20 22:00:00,2019-02-20 22:00,2019,2,20,22:00,0.2,,-1.0,,92,,,M,,M,,,99.55,,,,,,
2019-02-20 23:00:00,2019-02-20 23:00,2019,2,20,23:00,0.2,,-0.8,,93,,,M,,M,,,99.38,,,,,,
2019-02-21 00:00:00,2019-02-21 00:00,2019,2,21,00:00,0.5,,-0.4,,94,,,M,,M,,,99.31,,,,,,
2019-02-21 01:00:00,2019-02-21 01:00,2019,2,21,01:00,0.9,,0.0,,94,,,M,,M,,,99.31,,,,,,
2019-02-21 02:00:00,2019-02-21 02:00,2019,2,21,02:00,1.1,,0.3,,94,,,M,,M,,,99.36,,,,,,
2019-02-21 03:00:00,2019-02-21 03:00,2019,2,21,03:00,1.5,,0.7,,94,,,M,,M,,,99.43,,,,,,
2019-02-21 04:00:00,2019-02-21 04:00,2019,2,21,04:00,2.3,,1.1,,92,,,M,,M,,,99.48,,,,,,
2019-02-21 05:00:00,2019-02-21 05:00,2019,2,21,05:00,3.1,,0.2,,81,,,M,,M,,,99.6,,,,,,
2019-02-21 06:00:00,2019-02-21 06:00,2019,2,21,06:00,3.2,,-1.2,,73,,,M,,M,,,99.72,,,,,,
2019-02-21 07:00:00,2019-02-21 07:00,2019,2,21,07:00,3.0,,-2.1,,69,,,M,,M,,,99.76,,,,,,
2019-02-21 08:00:00,2019-02-21 08:00,2019,2,21,08:00,3.4,,-3.3,,62,,,M,,M,,,99.84,,,,,,
2019-02-21 09:00:00,2019-02-21 09:00,2019,2,21,09:00,3.4,,-3.1,,62,,,M,,M,,,99.93,,,,,,
2019-02-21 10:00:00,2019-02-21 10:00,2019,2,21,10:00,3.5,,-3.4,,61,,,M,,M,,,99.98,,,,,,
2019-02-21 11:00:00,2019-02-21 11:00,2019,2,21,11:00,3.6,,-4.2,,57,,,M,,M,,,100.07,,,,,,
2019-02-21 12:00:00,2019-02-21 12:00,2019,2,21,12:00,3.2,,-4.2,,58,,,M,,M,,,100.13,,,,,,
2019-02-21 13:00:00,2019-02-21 13:00,2019,2,21,13:00,3.3,,-4.0,,59,,,M,,M,,,100.18,,,,,,
2019-02-21 14:00:00,2019-02-21 14:00,2019,2,21,14:00,4.4,,-5.7,,48,,,,,,,,100.18,,,,,,
2019-02-21 15:00:00,2019-02-21 15:00,2019,2,21,15:00,3.6,,-6.2,,48,,,,,,,,100.27,,,,,,
2019-02-21 16:00:00,2019-02-21 16:00,2019,2,21,16:00,4.0,,-5.9,,48,,,,,,,,100.32,,,,,,
2019-02-21 17:00:00,2019-02-21 17:00,2019,2,21,17:00,3.1,,-5.3,,54,,,,,,,,100.44,,,,,,
2019-02-21 18:00:00,2019-02-21 18:00,2019,2,21,18:00,2.1,,-6.3,,54,,,,,,,,100.58,,,,,,
2019-02-21 19:00:00,2019-02-21 19:00,2019,2,21,19:00,1.6,,-6.3,,56,,,,,,,,100.7,,,,,,
2019-02-21 20:00:00,2019-02-21 20:00,2019,2,21,20:00,1.0,,-6.0,,59,,,,,,,,100.75,,,,,,
2019-02-21 21:00:00,2019-02-21 21:00,2019,2,21,21:00,0.7,,-6.0,,61,,,,,,,,100.79,,,,,,
2019-02-21 22:00:00,2019-02-21 22:00,2019,2,21,22:00,0.2,,-6.0,,63,,,,,,,,100.86,,,,,,
2019-02-21 23:00:00,2019-02-21 23:00,2019,2,21,23:00,-0.2,,-5.8,,66,,,,,,,,100.95,,,,,,
2019-02-22 00:00:00,2019-02-22 00:00,2019,2,22,00:00,-0.3,,-5.7,,67,,,,,,,,101.04,,,,,,
2019-02-22 01:00:00,2019-02-22 01:00,2019,2,22,01:00,-0.9,,-5.7,,70,,,,,,,,101.07,,,,,,
2019-02-22 02:00:00,2019-02-22 02:00,2019,2,22,02:00,-1.7,,-5.9,,73,,,,,,,,101.14,,,,,,
2019-02-22 03:00:00,2019-02-22 03:00,2019,2,22,03:00,-1.7,,-5.6,,74,,,,,,,,101.19,,,,,,
2019-02-22 04:00:00,2019-02-22 04:00,2019,2,22,04:00,-2.0,,-5.6,,76,,,,,,,,101.24,,,,,,
2019-02-22 05:00:00,2019-02-22 05:00,2019,2,22,05:00,-1.6,,-5.5,,75,,,,,,,,101.34,,,,,,
2019-02-22 06:00:00,2019-02-22 06:00,2019,2,22,06:00,-1.1,,-5.2,,74,,,,,,,,101.38,,,,,,
2019-02-22 07:00:00,2019-02-22 07:00,2019,2,22,07:00,-0.8,,-5.1,,73,,,,,,,,101.49,,,,,,
2019-02-22 08:00:00,2019-02-22 08:00,2019,2,22,08:00,-0.7,,-5.4,,71,,,,,,,,101.56,,,,,,
2019-02-22 09:00:00,2019-02-22 09:00,2019,2,22,09:00,-0.2,,-5.2,,69,,,,,,,,101.65,,,,,,
2019-02-22 10:00:00,2019-02-22 10:00,2019,2,22,10:00,0.9,,-5.1,,64,,,,,,,,101.64,,,,,,
2019-02-22 11:00:00,2019-02-22 11:00,2019,2,22,11:00,2.5,,-6.7,,51,,,,,,,,101.68,,,,,,
2019-02-22 12:00:00,2019-02-22 12:00,2019,2,22,12:00,2.2,,-7.8,,47,,,,,,,,101.67,,,,,,
2019-02-22 13:00:00,2019-02-22 13:00,2019,2,22,13:00,2.5,,-7.1,,49,,,,,,,,101.68,,,,,,
2019-02-22 14:00:00,2019-02-22 14:00,2019,2,22,14:00,2.5,,-5.9,,54,,,,,,,,101.71,,,,,,
2019-02-22 15:00:00,2019-02-22 15:00,2019,2,22,15:00,2.5,,-6.3,,52,,,,,,,,101.69,,,,,,
2019-02-22 16:00:00,2019-02-22 16:00,2019,2,22,16:00,2.5,,-5.9,,54,,,,,,,,101.68,,,,,,
2019-02-22 17:00:00,2019-02-22 17:00,2019,2,22,17:00,2.3,,-5.3,,57,,,,,,,,101.66,,,,,,
2019-02-22 18:00:00,2019-02-22 18:00,2019,2,22,18:00,1.8,,-4.9,,61,,,,,,,,101.7,,,,,,
2019-02-22 19:00:00,2019-02-22 19:00,2019,2,22,19:00,1.0,,-4.6,,66,,,,,,,,101.72,,,,,,
2019-02-22 20:00:00,2019-02-22 20:00,2019,2,22,20:00,1.4,,-5.2,,62,,,,,,,,101.78,,,,,,
2019-02-22 21:00:00,2019-02-22 21:00,2019,2,22,21:00,1.0,,-5.5,,61,,,,,,,,101.79,,,,,,
2019-02-22 22:00:00,2019-02-22 22:00,2019,2,22,22:00,0.7,,-5.5,,63,,,,,,,,101.76,,,,,,
2019-02-22 23:00:00,2019-02-22 23:00,2019,2,22,23:00,0.4,,-5.7,,64,,,,,,,,101.72,,,,,,
2019-02-23 00:00:00,2019-02-23 00:00,2019,2,23,00:00,0.5,,-6.0,,62,,,,,,,,101.75,,,,,,
2019-02-23 01:00:00,2019-02-23 01:00,2019,2,23,01:00,-0.2,,-5.5,,68,,,,,,,,101.78,,,,,,
2019-02-23 02:00:00,2019-02-23 02:00,2019,2,23,02:00,-0.3,,-6.0,,65,,,,,,,,101.75,,,,,,
2019-02-23 03:00:00,2019-02-23 03:00,2019,2,23,03:00,-0.8,,-6.0,,68,,,,,,,,101.69,,,,,,
2019-02-23 04:00:00,2019-02-23 04:00,2019,2,23,04:00,-1.2,,-6.5,,67,,,,,,,,101.65,,,,,,
2019-02-23 05:00:00,2019-02-23 05:00,2019,2,23,05:00,-1.6,,-6.7,,68,,,,,,,,101.62,,,,,,
2019-02-23 06:00:00,2019-02-23 06:00,2019,2,23,06:00,-2.1,,-6.6,,71,,,,,,,,101.63,,,,,,
2019-02-23 07:00:00,2019-02-23 07:00,2019,2,23,07:00,-1.3,,-5.1,,75,,,,,,,,101.57,,,,,,
2019-02-23 08:00:00,2019-02-23 08:00,2019,2,23,08:00,-0.9,,-4.4,,77,,,,,,,,101.42,,,,,,
2019-02-23 09:00:00,2019-02-23 09:00,2019,2,23,09:00,0.0,,-3.4,,78,,,,,,,,101.43,,,,,,
2019-02-23 10:00:00,2019-02-23 10:00,2019,2,23,10:00,1.2,,-4.2,,67,,,,,,,,101.42,,,,,,
2019-02-23 11:00:00,2019-02-23 11:00,2019,2,23,11:00,1.5,,-4.8,,63,,,,,,,,101.34,,,,,,
2019-02-23 12:00:00,2019-02-23 12:00,2019,2,23,12:00,1.9,,-5.0,,60,,,,,,,,101.16,,,,,,
2019-02-23 13:00:00,2019-02-23 13:00,2019,2,23,13:00,1.7,,-3.8,,67,,,,,,,,101.04,,,,,,
2019-02-23 14:00:00,2019-02-23 14:00,2019,2,23,14:00,1.9,,-3.3,,68,,,,,,,,100.89,,,,,,
2019-02-23 15:00:00,2019-02-23 15:00,2019,2,23,15:00,1.3,,-2.9,,74,,,,,,,,100.79,,,,,,
2019-02-23 16:00:00,2019-02-23 16:00,2019,2,23,16:00,1.4,,-3.0,,72,,,,,,,,100.63,,,,,,
2019-02-23 17:00:00,2019-02-23 17:00,2019,2,23,17:00,1.2,,-2.9,,74,,,,,,,,100.64,,,,,,
2019-02-23 18:00:00,2019-02-23 18:00,2019,2,23,18:00,1.3,,-2.5,,76,,,,,,,,100.56,,,,,,
2019-02-23 19:00:00,2019-02-23 19:00,2019,2,23,19:00,1.4,,-2.5,,75,,,,,,,,100.45,,,,,,
2019-02-23 20:00:00,2019-02-23 20:00,2019,2,23,20:00,1.6,,-2.2,,76,,,,,,,,100.34,,,,,,
2019-02-23 21:00:00,2019-02-23 21:00,2019,2,23,21:00,1.9,,-1.9,,76,,,,,,,,100.18,,,,,,
2019-02-23 22:00:00,2019-02-23 22:00,2019,2,23,22:00,2.1,,-0.8,,81,,,,,,,,100.01,,,,,,
2019-02-23 23:00:00,2019-02-23 23:00,2019,2,23,23:00,2.6,,0.2,,85,,,,,,,,99.83,,,,,,
2019-02-24 00:00:00,2019-02-24 00:00,2019,2,24,00:00,2.6,,0.4,,85,,,,,,,,99.65,,,,,,
2019-02-24 01:00:00,2019-02-24 01:00,2019,2,24,01:00,2.2,,0.4,,88,,,,,,,,99.46,,,,,,
2019-02-24 02:00:00,2019-02-24 02:00,2019,2,24,02:00,2.2,,0.9,,91,,,,,,,,99.27,,,,,,
2019-02-24 03:00:00,2019-02-24 03:00,2019,2,24,03:00,2.2,,1.2,,93,,,,,,,,99.11,,,,,,
2019-02-24 04:00:00,2019-02-24 04:00,2019,2,24,04:00,2.2,,1.3,,94,,,,,,,,98.88,,,,,,
2019-02-24 05:00:00,2019-02-24 05:00,2019,2,24,05:00,2.4,,1.6,,94,,,,,,,,98.6,,,,,,
2019-02-24 06:00:00,2019-02-24 06:00,2019,2,24,06:00,2.6,,1.8,,95,,,,,,,,98.35,,,,,,
2019-02-24 07:00:00,2019-02-24 07:00,2019,2,24,07:00,2.7,,1.8,,94,,,,,,,,98.03,,,,,,
2019-02-24 08:00:00,2019-02-24 08:00,2019,2,24,08:00,3.4,,2.2,,92,,,,,,,,97.88,,,,,,
2019-02-24 09:00:00,2019-02-24 09:00,2019,2,24,09:00,3.8,,2.4,,90,,,,,,,,97.7,,,,,,
2019-02-24 10:00:00,2019-02-24 10:00,2019,2,24,10:00,5.5,,3.2,,86,,,,,,,,97.58,,,,,,
2019-02-24 11:00:00,2019-02-24 11:00,2019,2,24,11:00,6.1,,3.7,,85,,,,,,,,97.43,,,,,,
2019-02-24 12:00:00,2019-02-24 12:00,2019,2,24,12:00,6.1,,3.5,,84,,,,,,,,97.35,,,,,,
2019-02-24 13:00:00,2019-02-24 13:00,2019,2,24,13:00,6.6,,2.4,,74,,,,,,,,97.28,,,,,,
2019-02-24 14:00:00,2019-02-24 14:00,2019,2,24,14:00,5.2,,0.0,,69,,,,,,,,97.36,,,,,,
2019-02-24 15:00:00,2019-02-24 15:00,2019,2,24,15:00,3.1,,-0.2,,79,,,,,,,,97.49,,,,,,
2019-02-24 16:00:00,2019-02-24 16:00,2019,2,24,16:00,2.3,,-0.4,,83,,,,,,,,97.54,,,,,,
2019-02-24 17:00:00,2019-02-24 17:00,2019,2,24,17:00,3.1,,-3.2,,63,,,,,,,,97.61,,,,,,
2019-02-24 18:00:00,2019-02-24 18:00,2019,2,24,18:00,3.0,,-4.1,,60,,,,,,,,97.74,,,,,,
2019-02-24 19:00:00,2019-02-24 19:00,2019,2,24,19:00,2.5,,-4.6,,60,,,,,,,,97.87,,,,,,
2019-02-24 20:00:00,2019-02-24 20:00,2019,2,24,20:00,1.5,,-3.9,,68,,,,,,,,97.93,,,,,,
2019-02-24 21:00:00,2019-02-24 21:00,2019,2,24,21:00,0.2,,-3.4,,77,,,,,,,,97.99,,,,,,
2019-02-24 22:00:00,2019-02-24 22:00,2019,2,24,22:00,-0.5,,-5.3,,70,,,,,,,,98.04,,,,,,
2019-02-24 23:00:00,2019-02-24 23:00,2019,2,24,23:00,-1.3,,-6.2,,69,,,,,,,,98.13,,,,,,
2019-02-25 00:00:00,2019-02-25 00:00,2019,2,25,00:00,-1.8,,-6.6,,70,,,,,,,,98.19,,,,,,
2019-02-25 01:00:00,2019-02-25 01:00,2019,2,25,01:00,-1.9,,-7.1,,67,,,,,,,,98.28,,,,,,
2019-02-25 02:00:00,2019-02-25 02:00,2019,2,25,02:00,-2.0,,-7.9,,64,,,,,,,,98.43,,,,,,
2019-02-25 03:00:00,2019-02-25 03:00,2019,2,25,03:00,-2.8,,-7.6,,69,,,,,,,,98.55,,,,,,
2019-02-25 04:00:00,2019-02-25 04:00,2019,2,25,04:00,-3.4,,-6.6,,79,,,,,,,,98.73,,,,,,
2019-02-25 05:00:00,2019-02-25 05:00,2019,2,25,05:00,-3.6,,-9.2,,65,,,,,,,,98.92,,,,,,
2019-02-25 06:00:00,2019-02-25 06:00,2019,2,25,06:00,-4.2,,-9.5,,67,,,,,,,,99.1,,,,,,
2019-02-25 07:00:00,2019-02-25 07:00,2019,2,25,07:00,-4.5,,-10.3,,64,,,,,,,,99.31,,,,,,
2019-02-25 08:00:00,2019-02-25 08:00,2019,2,25,08:00,-4.7,,-10.8,,62,,,,,,,,99.51,,,,,,
2019-02-25 09:00:00,2019-02-25 09:00,2019,2,25,09:00,-4.1,,-10.7,,60,,,,,,,,99.7,,,,,,
2019-02-25 10:00:00,2019-02-25 10:00,2019,2,25,10:00,-3.5,,-10.6,,58,,,,,,,,99.9,,,,,,
2019-02-25 11:00:00,2019-02-25 11:00,2019,2,25,11:00,-4.0,,-10.0,,63,,,,,,,,100.07,,,,,,
2019-02-25 12:00:00,2019-02-25 12:00,2019,2,25,12:00,-3.5,,-9.2,,65,,,,,,,,100.27,,,,,,
2019-02-25 13:00:00,2019-02-25 13:00,2019,2,25,13:00,-5.2,,-7.2,,86,,,,,,,,100.37,,,,,,
2019-02-25 14:00:00,2019-02-25 14:00,2019,2,25,14:00,-3.6,,-12.6,,50,,,,,,,,100.5,,,,,,
2019-02-25 15:00:00,2019-02-25 15:00,2019,2,25,15:00,-3.6,,-12.2,,52,,,,,,,,100.61,,,,,,
2019-02-25 16:00:00,2019-02-25 16:00,2019,2,25,16:00,-4.0,,-12.9,,50,,,,,,,,100.74,,,,,,
2019-02-25 17:00:00,2019-02-25 17:00,2019,2,25,17:00,-4.8,,-12.9,,53,,,,,,,,100.93,,,,,,
2019-02-25 18:00:00,2019-02-25 18:00,2019,2,25,18:00,-5.3,,-11.7,,61,,,,,,,,101.01,,,,,,
2019-02-25 19:00:00,2019-02-25 19:00,2019,2,25,19:00,-5.9,,-10.8,,68,,,,,,,,101.1,,,,,,
2019-02-25 20:00:00,2019-02-25 20:00,2019,2,25,20:00,-6.1,,-11.2,,67,,,,,,,,101.2,,,,,,
2019-02-25 21:00:00,2019-02-25 21:00,2019,2,25,21:00,-6.3,,-11.8,,65,,,,,,,,101.21,,,,,,
2019-02-25 22:00:00,2019-02-25 22:00,2019,2,25,22:00,-6.6,,-11.8,,66,,,,,,,,101.26,,,,,,
2019-02-25 23:00:00,2019-02-25 23:00,2019,2,25,23:00,-6.6,,-11.7,,67,,,,,,,,101.26,,,,,,
2019-02-26 00:00:00,2019-02-26 00:00,2019,2,26,00:00,-6.5,,-12.4,,63,,,,,,,,101.29,,,,,,
2019-02-26 01:00:00,2019-02-26 01:00,2019,2,26,01:00,-6.7,,-13.0,,61,,,,,,,,101.36,,,,,,
2019-02-26 02:00:00,2019-02-26 02:00,2019,2,26,02:00,-7.2,,-13.2,,62,,,,,,,,101.42,,,,,,
2019-02-26 03:00:00,2019-02-26 03:00,2019,2,26,03:00,-7.7,,-14.9,,56,,,,,,,,101.5,,,,,,
2019-02-26 04:00:00,2019-02-26 04:00,2019,2,26,04:00,-8.2,,-15.9,,54,,,,,,,,101.54,,,,,,
2019-02-26 05:00:00,2019-02-26 05:00,2019,2,26,05:00,-8.6,,-15.5,,57,,,,,,,,101.59,,,,,,
2019-02-26 06:00:00,2019-02-26 06:00,2019,2,26,06:00,-8.7,,-15.5,,58,,,,,,,,101.64,,,,,,
2019-02-26 07:00:00,2019-02-26 07:00,2019,2,26,07:00,-8.9,,-15.2,,60,,,,,,,,101.65,,,,,,
2019-02-26 08:00:00,2019-02-26 08:00,2019,2,26,08:00,-8.9,,-15.7,,58,,,,,,,,101.7,,,,,,
2019-02-26 09:00:00,2019-02-26 09:00,2019,2,26,09:00,-8.0,,-15.4,,55,,,,,,,,101.75,,,,,,
2019-02-26 10:00:00,2019-02-26 10:00,2019,2,26,10:00,-7.2,,-15.6,,51,,,,,,,,101.75,,,,,,
2019-02-26 11:00:00,2019-02-26 11:00,2019,2,26,11:00,-6.1,,-15.4,,48,,,,,,,,101.74,,,,,,
2019-02-26 12:00:00,2019-02-26 12:00,2019,2,26,12:00,-5.8,,-16.6,,42,,,,,,,,101.74,,,,,,
2019-02-26 13:00:00,2019-02-26 13:00,2019,2,26,13:00,-5.1,,-16.1,,42,,,,,,,,101.7,,,,,,
2019-02-26 14:00:00,2019-02-26 14:00,2019,2,26,14:00,-6.1,,-13.6,,55,,,,,,,,101.74,,,,,,
2019-02-26 15:00:00,2019-02-26 15:00,2019,2,26,15:00,-6.0,,-15.5,,47,,,,,,,,101.76,,,,,,
2019-02-26 16:00:00,2019-02-26 16:00,2019,2,26,16:00,-7.1,,-15.9,,50,,,,,,,,101.87,,,,,,
2019-02-26 17:00:00,2019-02-26 17:00,2019,2,26,17:00,-7.8,,-16.6,,49,,,,,,,,101.81,,,,,,
2019-02-26 18:00:00,2019-02-26 18:00,2019,2,26,18:00,-8.5,,-16.7,,51,,,,,,,,101.91,,,,,,
2019-02-26 19:00:00,2019-02-26 19:00,2019,2,26,19:00,-8.6,,-15.8,,56,,,,,,,,101.95,,,,,,
2019-02-26 20:00:00,2019-02-26 20:00,2019,2,26,20:00,-8.8,,-15.5,,58,,,,,,,,101.94,,,,,,
2019-02-26 21:00:00,2019-02-26 21:00,2019,2,26,21:00,-9.2,,-15.4,,61,,,,,,,,101.9,,,,,,
2019-02-26 22:00:00,2019-02-26 22:00,2019,2,26,22:00,-8.9,,-15.4,,59,,,,,,,,101.92,,,,,,
2019-02-26 23:00:00,2019-02-26 23:00,2019,2,26,23:00,-9.1,,-16.6,,55,,,,,,,,101.89,,,,,,
2019-02-27 00:00:00,2019-02-27 00:00,2019,2,27,00:00,-9.3,,-15.5,,61,,,,,,,,101.87,,,,,,
2019-02-27 01:00:00,2019-02-27 01:00,2019,2,27,01:00,-9.9,,-16.3,,59,,,,,,,,101.89,,,,,,
2019-02-27 02:00:00,2019-02-27 02:00,2019,2,27,02:00,-10.2,,-16.3,,61,,,,,,,,101.82,,,,,,
2019-02-27 03:00:00,2019-02-27 03:00,2019,2,27,03:00,-10.2,,-16.7,,59,,,,,,,,101.75,,,,,,
2019-02-27 04:00:00,2019-02-27 04:00,2019,2,27,04:00,-10.7,,-19.3,,49,,,,,,,,101.72,,,,,,
2019-02-27 05:00:00,2019-02-27 05:00,2019,2,27,05:00,-10.2,,-17.3,,56,,,,,,,,101.62,,,,,,
2019-02-27 06:00:00,2019-02-27 06:00,2019,2,27,06:00,-9.8,,-16.7,,57,,,,,,,,101.58,,,,,,
2019-02-27 07:00:00,2019-02-27 07:00,2019,2,27,07:00,-10.6,,-14.3,,74,,,,,,,,101.52,,,,,,
2019-02-27 08:00:00,2019-02-27 08:00,2019,2,27,08:00,-10.8,,-13.1,,83,,,,,,,,101.44,,,,,,
2019-02-27 09:00:00,2019-02-27 09:00,2019,2,27,09:00,-9.7,,-11.7,,85,,,,,,,,101.35,,,,,,
2019-02-27 10:00:00,2019-02-27 10:00,2019,2,27,10:00,-8.4,,-10.0,,88,,,,,,,,101.15,,,,,,
2019-02-27 11:00:00,2019-02-27 11:00,2019,2,27,11:00,-7.1,,-9.1,,85,,,,,,,,101.01,,,,,,
2019-02-27 12:00:00,2019-02-27 12:00,2019,2,27,12:00,-7.3,,-9.3,,86,,,,,,,,100.82,,,,,,
2019-02-27 13:00:00,2019-02-27 13:00,2019,2,27,13:00,-7.1,,-8.6,,89,,,,,,,,100.7,,,,,,
2019-02-27 14:00:00,2019-02-27 14:00,2019,2,27,14:00,-8.2,,-9.6,,90,,,,,,,,100.56,,,,,,
2019-02-27 15:00:00,2019-02-27 15:00,2019,2,27,15:00,-8.4,,-9.9,,89,,,,,,,,100.46,,,,,,
2019-02-27 16:00:00,2019-02-27 16:00,2019,2,27,16:00,-9.4,,-10.9,,89,,,,,,,,100.4,,,,,,
2019-02-27 17:00:00,2019-02-27 17:00,2019,2,27,17:00,-10.4,,-12.2,,87,,,,,,,,100.38,,,,,,
2019-02-27 18:00:00,2019-02-27 18:00,2019,2,27,18:00,-10.2,,-12.2,,86,,,,,,,,100.36,,,,,,
2019-02-27 19:00:00,2019-02-27 19:00,2019,2,27,19:00,-10.4,,-12.6,,84,,,,,,,,100.41,,,,,,
2019-02-27 20:00:00,2019-02-27 20:00,2019,2,27,20:00,-11.1,,-13.6,,82,,,,,,,,100.46,,,,,,
2019-02-27 21:00:00,2019-02-27 21:00,2019,2,27,21:00,-11.2,,-13.7,,81,,,,,,,,100.47,,,,,,
2019-02-27 22:00:00,2019-02-27 22:00,2019,2,27,22:00,-11.4,,-14.0,,81,,,,,,,,100.53,,,,,,
2019-02-27 23:00:00,2019-02-27 23:00,2019,2,27,23:00,-11.6,,-14.3,,80,,,,,,,,100.56,,,,,,
2019-02-28 00:00:00,2019-02-28 00:00,2019,2,28,00:00,-11.7,,-14.2,,81,,,,,,,,100.6,,,,,,
2019-02-28 01:00:00,2019-02-28 01:00,2019,2,28,01:00,-11.6,,-14.0,,83,,,,,,,,100.64,,,,,,
2019-02-28 02:00:00,2019-02-28 02:00,2019,2,28,02:00,-12.3,,-15.0,,81,,,,,,,,100.7,,,,,,
2019-02-28 03:00:00,2019-02-28 03:00,2019,2,28,03:00,-13.1,,-16.0,,79,,,,,,,,100.79,,,,,,
2019-02-28 04:00:00,2019-02-28 04:00,2019,2,28,04:00,-13.4,,-15.9,,81,,,,,,,,100.83,,,,,,
2019-02-28 05:00:00,2019-02-28 05:00,2019,2,28,05:00,-13.0,,-16.1,,78,,,,,,,,100.97,,,,,,
2019-02-28 06:00:00,2019-02-28 06:00,2019,2,28,06:00,-14.0,,-17.0,,78,,,,,,,,101.05,,,,,,
2019-02-28 07:00:00,2019-02-28 07:00,2019,2,28,07:00,-13.3,,-16.1,,80,,,,,,,,101.09,,,,,,
2019-02-28 08:00:00,2019-02-28 08:00,2019,2,28,08:00,-12.8,,-15.8,,78,,,,,,,,101.16,,,,,,
2019-02-28 09:00:00,2019-02-28 09:00,2019,2,28,09:00,-10.9,,-15.5,,69,,,,,,,,101.21,,,,,,
2019-02-28 10:00:00,2019-02-28 10:00,2019,2,28,10:00,-9.4,,-16.2,,57,,,,,,,,101.21,,,,,,
2019-02-28 11:00:00,2019-02-28 11:00,2019,2,28,11:00,-8.2,,-15.7,,55,,,,,,,,101.19,,,,,,
2019-02-28 12:00:00,2019-02-28 12:00,2019,2,28,12:00,-6.8,,-14.5,,54,,,,,,,,101.22,,,,,,
2019-02-28 13:00:00,2019-02-28 13:00,2019,2,28,13:00,-7.2,,-13.9,,59,,,,,,,,101.18,,,,,,
2019-02-28 14:00:00,2019-02-28 14:00,2019,2,28,14:00,-6.9,,-13.0,,62,,,,,,,,101.15,,,,,,
2019-02-28 15:00:00,2019-02-28 15:00,2019,2,28,15:00,-6.6,,-12.6,,62,,,,,,,,101.12,,,,,,
2019-02-28 16:00:00,2019-02-28 16:00,2019,2,28,16:00,-6.8,,-12.3,,65,,,,,,,,101.14,,,,,,
2019-02-28 17:00:00,2019-02-28 17:00,2019,2,28,17:00,-6.7,,-12.0,,66,,,,,,,,101.09,,,,,,
2019-02-28 18:00:00,2019-02-28 18:00,2019,2,28,18:00,-6.9,,-11.8,,68,,,,,,,,101.12,,,,,,
2019-02-28 19:00:00,2019-02-28 19:00,2019,2,28,19:00,-7.1,,-12.0,,68,,,,,,,,101.11,,,,,,
2019-02-28 20:00:00,2019-02-28 20:00,2019,2,28,20:00,-6.6,,-11.4,,69,,,,,,,,101.11,,,,,,
2019-02-28 21:00:00,2019-02-28 21:00,2019,2,28,21:00,-6.7,,-11.3,,70,,,,,,,,101.09,,,,,,
2019-02-28 22:00:00,2019-02-28 22:00,2019,2,28,22:00,-6.2,,-10.9,,69,,,,,,,,101.05,,,,,,
2019-02-28 23:00:00,2019-02-28 23:00,2019,2,28,23:00,-6.2,,-11.2,,68,,,,,,,,101.01,,,,,,
